,Ch1,Ch2,Ch3,Ch4,,,,
1,0.132652633,0.081450572,0.150720889,0.635175905,,,,
2,0.431855635,0.040474642,0.013744136,0.513925587,,,,
3,0.025392197,0.271711262,0.202186804,0.500709737,,,,
4,0.276799883,0.1592049,0.13157054,0.432424678,,,,
5,0.041449469,0.321839455,0.056938539,0.579772536,,,,
6,0.208915472,0.251043343,0.030284012,0.509757174,,,,
7,0.297269377,0.070337468,0.071173009,0.561220146,,,,
8,0.036753935,0.1937761,0.037299671,0.732170293,,,,
9,0.23563779,0.331884205,0.027479234,0.404998771,,,,
10,0.139564357,0.114854842,0.033370325,0.712210476,,,,
11,0.274596749,0.058964515,0.129360904,0.537077832,,,,
12,0.054904995,0.209628494,0.096154895,0.639311616,,,,
13,0.134168202,0.101005127,0.119722425,0.645104245,,,,
14,0.030827546,0.173435073,0.075696195,0.720041186,,,,
15,0.132739605,0.261831239,0.016395906,0.58903325,,,,
16,0.03762355,0.210748003,0.025448606,0.726179841,,,,
17,0.133785177,0.137005791,0.041103057,0.688105976,,,,
18,0.075745309,0.031452309,0.190286625,0.702515757,,,,
19,0.034926237,0.224678048,0.158185382,0.582210332,,,,
20,0.069554939,0.291597978,0.345565614,0.29328147,,,,
21,0.390749897,0.146574712,0.07446483,0.38821056,,,,
22,0.35863758,0.309993796,0.038002291,0.293366333,,,,
23,0.089025443,0.611263694,0.042691687,0.257019176,,,,
24,0.189829289,0.252026467,0.139773924,0.41837032,,,,
25,0.113582953,0.339948969,0.365019987,0.181448091,,,,
26,0.106873548,0.143466234,0.154044805,0.595615413,,,,
27,0.083800465,0.431574771,0.340226326,0.144398438,,,,
28,0.080572137,0.355266592,0.162165316,0.401995955,,,,
29,0.183241444,0.263830591,0.372234682,0.180693283,,,,
30,0.143650677,0.116404773,0.172085934,0.567858616,,,,
31,0.21546144,0.258532533,0.186970814,0.339035213,,,,
32,0.18883406,0.066870966,0.364258008,0.380036966,,,,
33,0.358008327,0.279376587,0.083743403,0.278871683,,,,
34,0.604242288,0.056814296,0.038933763,0.300009653,,,,
35,0.236667342,0.355653113,0.059168668,0.348510876,,,,
36,0.662601052,0.062680127,0.053011481,0.22170734,,,,
37,0.091354612,0.307888075,0.315901875,0.284855438,,,,
38,0.298991722,0.123216232,0.122252807,0.455539239,,,,
39,0.062111792,0.167577517,0.331151792,0.439158899,,,,
40,0.097211319,0.054846527,0.447357109,0.400585045,,,,
41,0.344504324,0.243296999,0.088664261,0.323534416,,,,
42,0.313739337,0.129778056,0.033292428,0.523190178,,,,
43,0.029962786,0.056284318,0.539035552,0.374717344,,,,
44,0.167467798,0.074859896,0.393330617,0.364341689,,,,
45,0.283044339,0.096246327,0.133614654,0.48709468,,,,
46,0.104947667,0.266578906,0.274894082,0.353579345,,,,
47,0.079550821,0.227219138,0.193691495,0.499538546,,,,
48,0.105348439,0.229180989,0.049287688,0.616182884,,,,
49,0.077065564,0.357819625,0.257668813,0.307445998,,,,
50,0.077851274,0.071876874,0.129759727,0.720512125,,,,
51,0.239622934,0.066242925,0.253170352,0.440963789,,,,
52,0.119719584,0.052387845,0.177383822,0.650508749,,,,
53,0.284730806,0.169615135,0.033265988,0.512388071,,,,
54,0.256388531,0.071857569,0.045932748,0.625821152,,,,
55,0.146758013,0.309497933,0.134473683,0.40927037,,,,
56,0.099027396,0.054526717,0.096103181,0.750342706,,,,
57,0.373193823,0.088558496,0.054047225,0.484200456,,,,
58,0.191571989,0.423450773,0.212319963,0.172657275,,,,
59,0.341337193,0.224446856,0.187627253,0.246588698,,,,
60,0.634183049,0.025700447,0.244449427,0.095667077,,,,
61,0.153333657,0.398704014,0.072379605,0.375582725,,,,
62,0.1465065,0.595004862,0.081941624,0.176547015,,,,
63,0.223816497,0.119717184,0.277497281,0.378969038,,,,
64,0.077615885,0.069217348,0.699519316,0.153647451,,,,
65,0.446472983,0.190330573,0.270556132,0.092640313,,,,
66,0.286126811,0.427772064,0.21768583,0.068415295,,,,
67,0.305519339,0.273025003,0.276011188,0.14544447,,,,
68,0.346346952,0.213174981,0.356664475,0.083813592,,,,
69,0.100132166,0.138894082,0.103495651,0.6574781,,,,
70,0.248230326,0.584561108,0.015556667,0.151651899,,,,
71,0.092350741,0.283985276,0.448644682,0.175019301,,,,
72,0.084399791,0.162108381,0.579074246,0.174417581,,,,
73,0.384432304,0.073451126,0.331467861,0.210648709,,,,
74,0.031835362,0.621070755,0.172801205,0.174292678,,,,
75,0.156669374,0.334519533,0.088419042,0.420392051,,,,
76,0.083466718,0.578649642,0.131104937,0.206778704,,,,
77,0.092685554,0.333542086,0.32427217,0.249500191,,,,
78,0.127903613,0.410817476,0.254944865,0.206334046,,,,
79,0.033049145,0.535579408,0.311881385,0.119490061,,,,
80,0.082546063,0.086072986,0.490331038,0.341049913,,,,
81,0.190207814,0.053161761,0.624602204,0.132028221,,,,
82,0.70430044,0.048428902,0.030607885,0.216662773,,,,
83,0.199429207,0.1465465,0.13461895,0.519405342,,,,
84,0.085808591,0.429557567,0.310245955,0.174387887,,,,
85,0.675057271,0.033801176,0.045541929,0.245599624,,,,
86,0.221032523,0.160221382,0.133699393,0.485046702,,,,
87,0.144970094,0.045691389,0.642245309,0.167093208,,,,
88,0.56398016,0.067019028,0.122645805,0.246355007,,,,
89,0.607006247,0.158760073,0.077276332,0.156957348,,,,
90,0.441622032,0.078164547,0.365498882,0.114714539,,,,
91,0.159733556,0.336905961,0.089070294,0.414290189,,,,
92,0.197458349,0.0824361,0.521772677,0.198332874,,,,
93,0.256348527,0.494876358,0.14051276,0.108262354,,,,
94,0.048054567,0.462046002,0.329014498,0.160884933,,,,
95,0.256896293,0.153756509,0.476116666,0.113230531,,,,
96,0.138080554,0.243502214,0.481530005,0.136887226,,,,
97,0.340954435,0.452053521,0.054611985,0.152380059,,,,
98,0.295696947,0.538137333,0.109607617,0.056558103,,,,
99,0.156213477,0.378012622,0.149243435,0.316530467,,,,
100,0.280582078,0.503365295,0.119517212,0.096535416,,,,
101,0.287881699,0.154381791,0.307494022,0.250242488,,,,
102,0.214692842,0.283759817,0.368958201,0.13258914,,,,
103,0.118029403,0.451467881,0.066809304,0.363693411,,,,
104,0.140861748,0.323658071,0.179267968,0.356212214,,,,
105,0.088698056,0.75828656,0.042335935,0.110679449,,,,
106,0.324973326,0.40463693,0.10779136,0.162598385,,,,
107,0.180845019,0.559295976,0.135418789,0.124440216,,,,
108,0.042541846,0.692941632,0.114136973,0.150379548,,,,
109,0.394896518,0.144747954,0.224745542,0.235609986,,,,
110,0.560550291,0.162177245,0.122634985,0.154637479,,,,
111,0.177982938,0.174558726,0.444730644,0.202727693,,,,
112,0.580210295,0.124759854,0.049065678,0.245964172,,,,
113,0.295775159,0.129529229,0.43423603,0.140459582,,,,
114,0.417754539,0.082392417,0.191201325,0.308651718,,,,
115,0.04781272,0.668839703,0.035232218,0.248115359,,,,
116,0.469116057,0.036330344,0.159449321,0.335104278,,,,
117,0.194387699,0.148060993,0.138464366,0.519086942,,,,
118,0.110921028,0.24102565,0.391122584,0.256930738,,,,
119,0.106915887,0.091484098,0.080797011,0.720803004,,,,
120,0.145237814,0.290066896,0.062509231,0.502186059,,,,
121,0.500811895,0.112448231,0.101272512,0.285467362,,,,
122,0.172527204,0.095355134,0.114864729,0.617252932,,,,
123,0.022148075,0.457364771,0.224863273,0.295623881,,,,
124,0.377483708,0.030537586,0.198727575,0.393251131,,,,
125,0.264112328,0.24201528,0.053646202,0.44022619,,,,
126,0.439619501,0.167217982,0.110846243,0.282316274,,,,
127,0.121429796,0.546969578,0.090418747,0.241181879,,,,
128,0.392336442,0.043702126,0.117282654,0.446678778,,,,
129,0.307120489,0.083613022,0.271727957,0.337538532,,,,
130,0.196841992,0.362598908,0.220507435,0.220051666,,,,
131,0.125265054,0.372998292,0.13763702,0.364099633,,,,
132,0.069604494,0.090205795,0.560218901,0.279970809,,,,
133,0.21391099,0.183653755,0.274946534,0.327488721,,,,
134,0.197304515,0.493524346,0.144050106,0.165121033,,,,
135,0.20020277,0.101122946,0.350392914,0.34828137,,,,
136,0.107465904,0.597998185,0.087471087,0.207064824,,,,
137,0.074012234,0.241401015,0.488816049,0.195770703,,,,
138,0.411200467,0.158468674,0.301003707,0.129327153,,,,
139,0.578711076,0.074746237,0.262335675,0.084207013,,,,
140,0.397150473,0.233167136,0.302375623,0.067306768,,,,
141,0.237998734,0.054814219,0.559549834,0.147637212,,,,
142,0.314069122,0.459709006,0.064832399,0.161389473,,,,
143,0.133059924,0.191902756,0.236605037,0.438432283,,,,
144,0.429375087,0.145386909,0.141972768,0.283265236,,,,
145,0.32632906,0.148989549,0.236010009,0.288671382,,,,
146,0.548752888,0.124012542,0.100464619,0.226769951,,,,
147,0.21529151,0.088446446,0.570348554,0.12591349,,,,
148,0.370418108,0.093543402,0.291802678,0.244235813,,,,
149,0.065791357,0.655370368,0.126856299,0.151981975,,,,
150,0.181555938,0.065193685,0.560148622,0.193101755,,,,
151,0.208437075,0.059140956,0.508933224,0.223488745,,,,
152,0.451042362,0.122342195,0.138937761,0.287677683,,,,
153,0.437561864,0.128035557,0.206149597,0.228252983,,,,
154,0.119789946,0.135953509,0.369186643,0.375069902,,,,
155,0.225473843,0.066199425,0.326846399,0.381480333,,,,
156,0.266844342,0.121246205,0.396873065,0.215036388,,,,
157,0.102512647,0.06263529,0.397964186,0.436887876,,,,
158,0.120735846,0.346077856,0.324735775,0.208450523,,,,
159,0.023914813,0.646414214,0.07517943,0.254491543,,,,
160,0.182816473,0.248659473,0.121374949,0.447149105,,,,
161,0.06454179,0.051060924,0.595834797,0.288562489,,,,
162,0.22674881,0.495469062,0.061909474,0.215872653,,,,
163,0.241398375,0.466820948,0.081305682,0.210474995,,,,
164,0.049396687,0.132161627,0.659294356,0.15914733,,,,
165,0.063222845,0.216266455,0.548970698,0.171540003,,,,
166,0.07086906,0.370299159,0.246024225,0.312807556,,,,
167,0.192186344,0.176998163,0.164777632,0.466037861,,,,
168,0.060630553,0.246891069,0.437358601,0.255119777,,,,
169,0.316711746,0.452067843,0.053840936,0.177379475,,,,
170,0.074415988,0.402533037,0.269402999,0.253647976,,,,
171,0.418399022,0.095656331,0.334275488,0.151669159,,,,
172,0.2784778,0.359234511,0.157216627,0.205071062,,,,
173,0.218904638,0.10365352,0.517216924,0.160224918,,,,
174,0.1119542,0.249999663,0.329422141,0.308623996,,,,
175,0.338641705,0.066672805,0.280751372,0.313934118,,,,
176,0.091032539,0.405086147,0.158495695,0.345385619,,,,
177,0.138662422,0.184735704,0.524361173,0.152240701,,,,
178,0.083750633,0.299271037,0.302244003,0.314734327,,,,
179,0.060189032,0.075612683,0.590184334,0.274013952,,,,
180,0.13541907,0.459290601,0.145783169,0.25950716,,,,
181,0.369882433,0.37271434,0.171935412,0.085467816,,,,
182,0.265589205,0.232697672,0.284468664,0.21724446,,,,
183,0.163446811,0.586579652,0.051058506,0.19891503,,,,
184,0.472776776,0.29978008,0.100986717,0.126456427,,,,
185,0.192707032,0.48951224,0.066807461,0.250973268,,,,
186,0.059798366,0.430554871,0.345371232,0.164275531,,,,
187,0.197975187,0.498250871,0.080453286,0.223320656,,,,
188,0.230109225,0.259711298,0.134010739,0.376168739,,,,
189,0.204946746,0.541445288,0.141947976,0.11165999,,,,
190,0.362455908,0.148738375,0.307958181,0.180847536,,,,
191,0.189910486,0.482985327,0.069877142,0.257227045,,,,
192,0.123788466,0.10277222,0.15481544,0.618623874,,,,
193,0.274045891,0.067076632,0.517850627,0.141026851,,,,
194,0.051472546,0.242124878,0.171178724,0.535223852,,,,
195,0.198055385,0.113597536,0.524577731,0.163769347,,,,
196,0.170073087,0.166528358,0.145299943,0.518098612,,,,
197,0.275637757,0.325672972,0.149905079,0.248784192,,,,
198,0.122607076,0.146669389,0.522316084,0.20840745,,,,
199,0.320734294,0.087431608,0.131547397,0.460286702,,,,
200,0.038502739,0.526915293,0.117756454,0.316825514,,,,
201,0.620794023,0.1084047,0.04391611,0.226885167,,,,
202,0.047830206,0.281202492,0.190568182,0.48039912,,,,
203,0.457289192,0.050123486,0.214538108,0.278049213,,,,
204,0.28920518,0.118514131,0.104810455,0.487470234,,,,
205,0.122856442,0.183555491,0.508235117,0.18535295,,,,
206,0.078138213,0.416225438,0.180447805,0.325188544,,,,
207,0.564938155,0.11220118,0.083608277,0.239252387,,,,
208,0.09188977,0.107395127,0.160517428,0.640197675,,,,
209,0.356796546,0.382728796,0.084743934,0.175730724,,,,
210,0.380422281,0.301750566,0.135635687,0.182191466,,,,
211,0.652424431,0.113338433,0.146597147,0.087639988,,,,
212,0.396004921,0.335130294,0.191694071,0.077170715,,,,
213,0.129444309,0.573773008,0.22416666,0.072616023,,,,
214,0.128802676,0.131823466,0.580156874,0.159216984,,,,
215,0.095360525,0.449795546,0.30771314,0.147130789,,,,
216,0.155437921,0.094694105,0.706264014,0.043603959,,,,
217,0.339476055,0.185048021,0.397010915,0.078465009,,,,
218,0.024802453,0.399276488,0.525081933,0.050839126,,,,
219,0.145476307,0.347101812,0.415852054,0.091569827,,,,
220,0.37222618,0.085714976,0.434169923,0.107888921,,,,
221,0.515273035,0.138276985,0.249116728,0.097333253,,,,
222,0.379937764,0.217976505,0.305267148,0.096818582,,,,
223,0.157837258,0.639600656,0.056363309,0.146198777,,,,
224,0.124768328,0.107268082,0.703471212,0.064492378,,,,
225,0.34677569,0.059382701,0.510440631,0.083400977,,,,
226,0.403069961,0.19013026,0.15623568,0.250564099,,,,
227,0.055735264,0.406357958,0.447489569,0.09041721,,,,
228,0.1528722,0.592441408,0.196124607,0.058561785,,,,
229,0.066215466,0.060626624,0.653639395,0.219518515,,,,
230,0.163783463,0.111486563,0.200714056,0.524015918,,,,
231,0.032315247,0.178248619,0.566779369,0.222656764,,,,
232,0.12958817,0.313592409,0.131044136,0.425775284,,,,
233,0.187348263,0.240509319,0.121345564,0.450796855,,,,
234,0.14603367,0.170608897,0.207873905,0.475483528,,,,
235,0.293381111,0.363567551,0.064135875,0.278915463,,,,
236,0.047228131,0.345913602,0.255615905,0.351242363,,,,
237,0.046896556,0.170287015,0.510328098,0.272488331,,,,
238,0.078609693,0.067598388,0.524643352,0.329148567,,,,
239,0.064189186,0.105044469,0.529205463,0.301560882,,,,
240,0.223502578,0.050393733,0.516324564,0.209779126,,,,
241,0.102405661,0.482597086,0.116965797,0.298031456,,,,
242,0.039099135,0.522338762,0.141106071,0.297456032,,,,
243,0.026953909,0.28827046,0.553362514,0.131413116,,,,
244,0.177947843,0.404362187,0.285060887,0.132629083,,,,
245,0.189316771,0.134217747,0.505977527,0.170487956,,,,
246,0.069466096,0.206673187,0.472983054,0.250877663,,,,
247,0.283491903,0.09637069,0.249108609,0.371028798,,,,
248,0.37992011,0.241918525,0.378161344,2.15E-08,,,,
249,0.235691642,0.551058551,0.213249801,6.87E-09,,,,
250,0.268775153,0.544877789,0.186347054,4.70E-09,,,,
251,0.13397991,0.386208677,0.479811398,1.46E-08,,,,
252,0.216243349,0.068887741,0.714868907,3.89E-09,,,,
253,0.249944871,0.261718194,0.488336914,2.04E-08,,,,
254,0.137228897,0.429667445,0.43310365,8.09E-09,,,,
255,0.1629977,0.339031525,0.497970772,3.24E-09,,,,
256,0.220398271,0.447894471,0.331707255,2.90E-09,,,,
257,0.253048542,0.052294599,0.694656855,3.02E-09,,,,
258,0.655150398,0.085646207,0.259203386,9.15E-09,,,,
259,0.099523856,0.467436939,0.433039188,1.69E-08,,,,
260,0.027335515,0.557505993,0.415158488,4.36E-09,,,,
261,0.286340436,0.188043282,0.525616264,1.78E-08,,,,
262,0.351460257,0.198626151,0.449913572,1.95E-08,,,,
263,0.068562446,0.065078781,0.86635877,3.78E-09,,,,
264,0.451505593,0.369872701,0.178621689,1.65E-08,,,,
265,0.24357703,0.630149749,0.126273211,1.02E-08,,,,
266,0.297131505,0.371590431,0.331278048,1.56E-08,,,,
267,0.070381892,0.174437037,0.133871717,0.621309354,,,,
268,0.273201927,0.076710037,0.028619293,0.621468742,,,,
269,0.192890168,0.305100478,0.038569138,0.463440216,,,,
270,0.251340622,0.335270196,0.021053739,0.392335443,,,,
271,0.164959941,0.341173232,0.017109275,0.476757552,,,,
272,0.055419075,0.408593309,0.015891584,0.520096032,,,,
273,0.044117782,0.040065414,0.267251347,0.648565457,,,,
274,0.143259218,0.448898971,0.031701271,0.37614054,,,,
275,0.154554439,0.224214615,0.245589856,0.37564109,,,,
276,0.051600289,0.265598934,0.063959725,0.618841052,,,,
277,0.07116245,0.423611171,0.072341702,0.432884676,,,,
278,0.214152235,0.060647801,0.076040164,0.649159799,,,,
279,0.312406047,0.163528105,0.05918594,0.464879908,,,,
280,0.030205717,0.528808672,0.022401103,0.418584508,,,,
281,0.053107347,0.072284928,0.258575827,0.616031898,,,,
282,0.051187923,0.046564543,0.365125412,0.537122121,,,,
283,0.128735689,0.074325425,0.309828207,0.487110679,,,,
284,0.020082555,0.347094861,0.121420024,0.51140256,,,,
285,0.100801902,0.347713789,0.028428779,0.52305553,,,,
286,0.33727311,0.142918875,0.163660616,0.356147399,,,,
287,0.125222827,0.061342184,0.207565984,0.605869005,,,,
288,0.053300707,0.276712411,0.307046669,0.362940213,,,,
289,0.155773106,0.400843,0.108184663,0.335199232,,,,
290,0.305419049,0.270590318,0.19877663,0.225214003,,,,
291,0.034662267,0.275481148,0.429039063,0.260817522,,,,
292,0.085732213,0.205543844,0.128255528,0.580468415,,,,
293,0.325276353,0.132572909,0.188902451,0.353248287,,,,
294,0.032694349,0.180082463,0.296680805,0.490542383,,,,
295,0.411988687,0.180076005,0.179984763,0.227950545,,,,
296,0.128467111,0.147888026,0.457318633,0.26632623,,,,
297,0.058768291,0.358769,0.302509739,0.27995297,,,,
298,0.13082846,0.490488818,0.160183744,0.218498978,,,,
299,0.102700711,0.507489267,0.078850637,0.310959385,,,,
300,0.222477739,0.070751699,0.066587368,0.640183194,,,,
301,0.086687206,0.11168024,0.396421688,0.405210866,,,,
302,0.352958331,0.313170178,0.19599245,0.137879041,,,,
303,0.065311955,0.057954333,0.393595209,0.483138503,,,,
304,0.23819927,0.052348886,0.413385427,0.296066417,,,,
305,0.301902412,0.275835405,0.159417961,0.262844222,,,,
306,0.249714297,0.057827222,0.052558361,0.639900119,,,,
307,0.096458595,0.287785829,0.179959694,0.435795882,,,,
308,0.088273694,0.336221352,0.182583668,0.392921286,,,,
309,0.100488085,0.070552194,0.438345572,0.390614149,,,,
310,0.257760451,0.187672649,0.078579051,0.475987849,,,,
311,0.160296551,0.333663775,0.049455579,0.456584095,,,,
312,0.206261178,0.285311493,0.042990745,0.465436584,,,,
313,0.374972203,0.101844051,0.181903098,0.341280648,,,,
314,0.184680995,0.477659898,0.030021739,0.307637368,,,,
315,0.131352627,0.060486789,0.181146964,0.627013621,,,,
316,0.200846832,0.3186759,0.021615537,0.458861732,,,,
317,0.061562485,0.084585786,0.110666924,0.743184806,,,,
318,0.025181222,0.29322059,0.26672498,0.414873208,,,,
319,0.034222471,0.284333592,0.174491137,0.5069528,,,,
320,0.109578095,0.060356832,0.157310217,0.672754855,,,,
321,0.469099697,0.042285839,0.088938733,0.399675732,,,,
322,0.126965845,0.104498768,0.038495008,0.730040379,,,,
323,0.03531528,0.311578755,0.116875358,0.536230606,,,,
324,0.134318584,0.341590547,0.291649304,0.232441565,,,,
325,0.083699659,0.086756882,0.389537349,0.440006109,,,,
326,0.641232172,0.103609485,0.05855412,0.196604223,,,,
327,0.4725082,0.324902593,0.052255806,0.150333401,,,,
328,0.061478956,0.517532938,0.280301309,0.140686796,,,,
329,0.433377816,0.057129296,0.420250992,0.089241896,,,,
330,0.228450357,0.215834345,0.336049303,0.219665995,,,,
331,0.424577111,0.064792557,0.292737207,0.217893124,,,,
332,0.053508356,0.547734704,0.137573583,0.261183356,,,,
333,0.040592256,0.770604066,0.038721391,0.150082286,,,,
334,0.062767223,0.05639561,0.680936947,0.199900219,,,,
335,0.370288187,0.06299407,0.142575519,0.424142224,,,,
336,0.14039342,0.507945352,0.150726961,0.200934267,,,,
337,0.227575295,0.341046264,0.136393796,0.294984645,,,,
338,0.336427115,0.208064781,0.21531677,0.240191333,,,,
339,0.346096776,0.098428936,0.22405811,0.331416178,,,,
340,0.207365336,0.081083364,0.457090484,0.254460815,,,,
341,0.109165996,0.201980772,0.532941363,0.15591187,,,,
342,0.186264019,0.363725069,0.205110823,0.244900089,,,,
343,0.496317065,0.073637333,0.133612852,0.29643275,,,,
344,0.476674049,0.214905914,0.121478588,0.186941449,,,,
345,0.119578705,0.547634352,0.183776907,0.149010035,,,,
346,0.058485874,0.159421045,0.464544568,0.317548512,,,,
347,0.059913586,0.298216335,0.426076485,0.215793593,,,,
348,0.06174566,0.321482088,0.257330872,0.35944138,,,,
349,0.606973666,0.045674023,0.181416464,0.165935848,,,,
350,0.542245084,0.141608922,0.088990952,0.227155043,,,,
351,0.224717774,0.253373297,0.132062103,0.389846826,,,,
352,0.049682746,0.529596374,0.123429714,0.297291166,,,,
353,0.172588715,0.075951608,0.177857396,0.573602281,,,,
354,0.229578206,0.16027037,0.475529682,0.134621742,,,,
355,0.119156454,0.636557141,0.071776015,0.17251039,,,,
356,0.465419291,0.111247555,0.042398862,0.380934292,,,,
357,0.532957275,0.092516818,0.12503391,0.249491996,,,,
358,0.113307083,0.036810954,0.654823373,0.19505859,,,,
359,0.147025261,0.053725992,0.442004006,0.357244741,,,,
360,0.057712102,0.101986183,0.60498269,0.235319025,,,,
361,0.351626747,0.330689873,0.127519968,0.190163412,,,,
362,0.413229148,0.238285397,0.064049153,0.284436302,,,,
363,0.244769908,0.066678558,0.115771761,0.572779773,,,,
364,0.08871207,0.093580812,0.472689113,0.345018004,,,,
365,0.420109588,0.189900961,0.068225018,0.321764433,,,,
366,0.122540031,0.06811797,0.294437281,0.514904718,,,,
367,0.175574122,0.10635405,0.09680398,0.621267848,,,,
368,0.187083763,0.053851015,0.175780067,0.583285155,,,,
369,0.530261781,0.020625467,0.274932606,0.174180145,,,,
370,0.087124642,0.2485139,0.083908671,0.580452787,,,,
371,0.121374241,0.176921768,0.064100801,0.63760319,,,,
372,0.115699571,0.271498858,0.329967821,0.282833749,,,,
373,0.340642781,0.075033893,0.234377839,0.349945488,,,,
374,0.445250657,0.045826155,0.327286163,0.181637025,,,,
375,0.121611357,0.090024637,0.278042319,0.510321687,,,,
376,0.359920478,0.043674849,0.321059936,0.275344737,,,,
377,0.059257944,0.048893783,0.452600325,0.439247948,,,,
378,0.115896447,0.081350735,0.301149426,0.501603392,,,,
379,0.09495475,0.076904538,0.449545483,0.378595229,,,,
380,0.301292029,0.031271566,0.093600306,0.573836099,,,,
381,0.460727357,0.029007772,0.384474461,0.12579041,,,,
382,0.165829909,0.620561618,0.071836186,0.141772287,,,,
383,0.252122689,0.081909652,0.332020229,0.33394743,,,,
384,0.347455151,0.417826743,0.020551728,0.214166378,,,,
385,0.075082471,0.103439543,0.626338692,0.195139293,,,,
386,0.269120057,0.307080414,0.160242359,0.263557171,,,,
387,0.182429647,0.241702395,0.371499037,0.204368921,,,,
388,0.436597148,0.255402004,0.036693018,0.27130783,,,,
389,0.342584453,0.381008513,0.116307258,0.160099776,,,,
390,0.480126394,0.068863733,0.133694237,0.317315636,,,,
391,0.28437189,0.280917932,0.297306649,0.137403528,,,,
392,0.349334189,0.038674152,0.473670766,0.138320893,,,,
393,0.088675849,0.148999658,0.500088533,0.26223596,,,,
394,0.437526148,0.073106511,0.27934226,0.210025082,,,,
395,0.126623842,0.149017716,0.308636593,0.415721849,,,,
396,0.128249827,0.353088215,0.109654604,0.409007354,,,,
397,0.66454294,0.180476846,0.051398074,0.10358214,,,,
398,0.448143301,0.05609327,0.264063857,0.231699572,,,,
399,0.463944604,0.137579244,0.070701988,0.327774164,,,,
400,0.673891036,0.172060021,0.105179441,0.048869503,,,,
401,0.240966576,0.174653291,0.474012786,0.110367347,,,,
402,0.322440327,0.382400886,0.26485613,0.030302657,,,,
403,0.452925051,0.218420596,0.286439133,0.042215219,,,,
404,0.06539394,0.039453011,0.843371087,0.051781962,,,,
405,0.705338002,0.111417742,0.112535248,0.070709008,,,,
406,0.103497238,0.071331338,0.737547201,0.087624223,,,,
407,0.586541475,0.09073325,0.182517734,0.140207541,,,,
408,0.126549504,0.287534338,0.50464639,0.081269768,,,,
409,0.172314239,0.696132053,0.087482395,0.044071313,,,,
410,0.683427887,0.169996261,0.063940349,0.082635503,,,,
411,0.264811687,0.337196472,0.377044561,0.02094728,,,,
412,0.606105026,0.038529974,0.309165702,0.046199298,,,,
413,0.547526845,0.370790441,0.046106587,0.035576127,,,,
414,0.559217264,0.126291835,0.231630978,0.082859923,,,,
415,0.212469967,0.050612072,0.704866882,0.03205108,,,,
416,0.442955062,0.045722516,0.472563931,0.038758491,,,,
417,0.073724299,0.566454974,0.290940343,0.068880384,,,,
418,0.491900997,0.256230764,0.117219826,0.134648413,,,,
419,0.213029092,0.278254257,0.414128556,0.094588095,,,,
420,0.25254265,0.277764898,0.066794365,0.402898086,,,,
421,0.171411164,0.219153011,0.098437728,0.510998097,,,,
422,0.156598818,0.41292002,0.066774433,0.363706729,,,,
423,0.186273933,0.526173629,0.062758324,0.224794115,,,,
424,0.041937269,0.09403807,0.608828682,0.255195979,,,,
425,0.121325894,0.349746794,0.400296799,0.128630513,,,,
426,0.56698272,0.198161248,0.0878834,0.146972633,,,,
427,0.699934762,0.087437883,0.063131024,0.149496332,,,,
428,0.128242114,0.212613634,0.074596554,0.584547698,,,,
429,0.246377849,0.442634244,0.057164942,0.253822965,,,,
430,0.095535065,0.288323236,0.360104583,0.256037116,,,,
431,0.170252246,0.352179178,0.125040868,0.352527709,,,,
432,0.557726052,0.054592511,0.240148325,0.147533113,,,,
433,0.188580904,0.210231515,0.318261305,0.282926276,,,,
434,0.433264937,0.258406313,0.110437976,0.197890774,,,,
435,0.346372352,0.338563903,0.07668623,0.238377515,,,,
436,0.386943052,0.082989061,0.189204415,0.340863472,,,,
437,0.132025909,0.694741988,0.032085924,0.141146179,,,,
438,0.270184137,0.456937447,0.098024439,0.174853977,,,,
439,0.247754138,0.347285361,0.128321212,0.276639289,,,,
440,0.19101292,0.078146956,0.109909954,0.620930171,,,,
441,0.071403495,0.245334895,0.207068428,0.476193182,,,,
442,0.289468711,0.410085625,0.055893553,0.244552111,,,,
443,0.350311478,0.097100142,0.054732017,0.497856363,,,,
444,0.086986621,0.455852566,0.165881316,0.291279497,,,,
445,0.332681611,0.057039511,0.312264549,0.298014329,,,,
446,0.114962526,0.393464142,0.297704278,0.193869054,,,,
447,0.422092596,0.11000861,0.231598919,0.236299876,,,,
448,0.091631174,0.141712119,0.452418048,0.314238659,,,,
449,0.416278083,0.25538401,0.062632998,0.265704909,,,,
450,0.20577772,0.297957154,0.098281811,0.397983316,,,,
451,0.547950352,0.138554682,0.048870052,0.264624914,,,,
452,0.204611854,0.148187392,0.105148254,0.5420525,,,,
453,0.484623727,0.091078251,0.160640324,0.263657698,,,,
454,0.09934163,0.069768888,0.243402458,0.587487024,,,,
455,0.054194529,0.219096762,0.096870363,0.629838346,,,,
456,0.27437456,0.130917533,0.24377282,0.350935088,,,,
457,0.670531605,0.04474785,0.076590287,0.208130259,,,,
458,0.420596251,0.191442747,0.128818797,0.259142205,,,,
459,0.646721667,0.092981796,0.157551246,0.102745291,,,,
460,0.18870351,0.535711239,0.124586652,0.150998599,,,,
461,0.133872346,0.557818027,0.195151486,0.113158142,,,,
462,0.431143651,0.262021728,0.105155117,0.201679504,,,,
463,0.124369039,0.432938114,0.281888827,0.16080402,,,,
464,0.313233403,0.112043975,0.155932668,0.418789953,,,,
465,0.69563906,0.068471929,0.058253305,0.177635706,,,,
466,0.247014508,0.268879655,0.151036848,0.333068989,,,,
467,0.20592718,0.202733693,0.406292754,0.185046373,,,,
468,0.187844856,0.043036717,0.556219881,0.212898547,,,,
469,0.714037602,0.053689869,0.063854284,0.168418244,,,,
470,0.57604609,0.113360998,0.14076636,0.169826552,,,,
471,0.166583737,0.532550134,0.157973558,0.142892571,,,,
472,0.248126664,0.600535986,0.070894337,0.080443013,,,,
473,0.141518365,0.413129833,0.095825549,0.349526252,,,,
474,0.195543535,0.486532692,0.181473436,0.136450337,,,,
475,0.238753443,0.159834232,0.382653257,0.218759068,,,,
476,0.44168738,0.282700144,0.088244627,0.18736785,,,,
477,0.225580041,0.090479679,0.31693202,0.36700826,,,,
478,0.501390842,0.091909567,0.187814405,0.218885186,,,,
479,0.303791048,0.350291152,0.113759757,0.232158043,,,,
480,0.254264466,0.152177803,0.215595832,0.377961899,,,,
481,0.346831663,0.153599588,0.176172476,0.323396273,,,,
482,0.463119161,0.171550736,0.193329949,0.172000154,,,,
483,0.086828174,0.115949615,0.242661628,0.554560584,,,,
484,0.110928185,0.178925224,0.538209627,0.171936964,,,,
485,0.052964618,0.395003804,0.312897356,0.239134223,,,,
486,0.166533804,0.277296893,0.129783561,0.426385742,,,,
487,0.046940349,0.114291212,0.596476865,0.242291574,,,,
488,0.056894849,0.294724178,0.414793934,0.23358704,,,,
489,0.230676905,0.118000146,0.398026603,0.253296346,,,,
490,0.166766611,0.241275369,0.126718654,0.465239366,,,,
491,0.522352482,0.086515916,0.21532088,0.175810722,,,,
492,0.170974054,0.065606604,0.39607472,0.367344622,,,,
493,0.515267508,0.209160803,0.057257416,0.218314274,,,,
494,0.213135465,0.160658422,0.251022203,0.37518391,,,,
495,0.521789394,0.296932862,0.121221038,0.060056706,,,,
496,0.112059994,0.456114823,0.380509762,0.051315421,,,,
497,0.334375617,0.214646962,0.411329436,0.039647984,,,,
498,0.475686286,0.306846958,0.140096133,0.077370623,,,,
499,0.140798488,0.649450261,0.11968046,0.090070792,,,,
500,0.846455327,0.036521914,0.072862177,0.044160582,,,,
501,0.311622545,0.248187472,0.367891057,0.072298925,,,,
502,0.631058159,0.159256139,0.117770355,0.091915346,,,,
503,0.381880559,0.546302923,0.039414943,0.032401575,,,,
504,0.70246045,0.175914837,0.068689675,0.052935038,,,,
505,0.574675469,0.161027944,0.226620403,0.037676183,,,,
506,0.669186936,0.132942041,0.165891217,0.031979806,,,,
507,0.315329088,0.524834318,0.108583358,0.051253237,,,,
508,0.080620995,0.21486245,0.665773701,0.038742854,,,,
509,0.280540325,0.411365157,0.280890822,0.027203697,,,,
510,0.447097844,0.078237379,0.431388884,0.043275893,,,,
511,0.116023536,0.743923503,0.095082038,0.044970923,,,,
512,0.598376313,0.295521704,0.053954402,0.052147581,,,,
513,0.151169846,0.3830783,0.399945132,0.065806723,,,,
514,0.503512878,0.252997018,0.070790105,0.172699998,,,,
515,0.109546624,0.549295043,0.244356584,0.096801749,,,,
516,0.067952496,0.597310221,0.090880986,0.243856296,,,,
517,0.078624292,0.413458144,0.111867087,0.396050477,,,,
518,0.449015702,0.145697855,0.202584252,0.202702192,,,,
519,0.34896938,0.137316542,0.248535864,0.265178214,,,,
520,0.207691808,0.549067428,0.069633748,0.173607016,,,,
521,0.501940368,0.229674148,0.041830754,0.22655473,,,,
522,0.182809774,0.246206654,0.350806893,0.220176679,,,,
523,0.134279534,0.613268397,0.071161693,0.181290376,,,,
524,0.075808837,0.673061481,0.106962221,0.144167462,,,,
525,0.119237124,0.428742419,0.155864016,0.296156442,,,,
526,0.244858674,0.290151193,0.18276611,0.282224023,,,,
527,0.413124012,0.268212739,0.175177234,0.143486014,,,,
528,0.036316446,0.655756088,0.088219979,0.219707488,,,,
529,0.076819189,0.552190499,0.064768727,0.306221585,,,,
530,0.058516601,0.424136167,0.304796973,0.212550259,,,,
531,0.151653129,0.641491865,0.066259337,0.14059567,,,,
532,0.206208945,0.246691868,0.379359655,0.167739532,,,,
533,0.432929056,0.039460917,0.310036666,0.217573362,,,,
534,0.135304817,0.363004172,0.247810514,0.253880497,,,,
535,0.084903314,0.409897917,0.08427379,0.420924978,,,,
536,0.376433366,0.22091337,0.108687172,0.293966091,,,,
537,0.188593673,0.513030088,0.071849299,0.226526941,,,,
538,0.066965891,0.300710398,0.091074296,0.541249415,,,,
539,0.076342702,0.644422701,0.138236358,0.140998239,,,,
540,0.235605753,0.231253032,0.262891308,0.270249908,,,,
541,0.100443606,0.450883188,0.191336627,0.257336579,,,,
542,0.226209853,0.058760367,0.475623689,0.23940609,,,,
543,0.37385236,0.245555666,0.064115982,0.316475992,,,,
544,0.312333265,0.205954396,0.228215487,0.253496853,,,,
545,0.282363654,0.441529486,0.147903119,0.128203741,,,,
546,0.059914006,0.346086472,0.417186994,0.176812528,,,,
547,0.120590827,0.110100716,0.356101176,0.413207281,,,,
548,0.195573845,0.481978345,0.155457485,0.166990325,,,,
549,0.582359437,0.174581832,0.027990638,0.215068093,,,,
550,0.057529374,0.467576019,0.106861169,0.368033438,,,,
551,0.076120172,0.496966359,0.260867895,0.166045574,,,,
552,0.187178866,0.528476325,0.034750976,0.249593833,,,,
553,0.037921135,0.213352766,0.458934203,0.289791895,,,,
554,0.046252677,0.104192294,0.498985142,0.350569888,,,,
555,0.114608333,0.367895649,0.072629466,0.444866553,,,,
556,0.046162287,0.314355657,0.301115285,0.338366771,,,,
557,0.073272247,0.230544549,0.278918178,0.417265025,,,,
558,0.153607621,0.089474582,0.476048051,0.280869745,,,,
559,0.0216323,0.539558791,0.195060507,0.243748402,,,,
560,0.253259707,0.320208347,0.216645609,0.209886338,,,,
561,0.273479164,0.396773772,0.121237175,0.20850989,,,,
562,0.102472907,0.658884261,0.060554655,0.178088178,,,,
563,0.081662243,0.594513292,0.042909769,0.280914695,,,,
564,0.019362609,0.526725393,0.306443278,0.14746872,,,,
565,0.470012163,0.18394784,0.075703639,0.270336358,,,,
566,0.14689369,0.454344908,0.108267789,0.290493613,,,,
567,0.073814895,0.328753647,0.340788593,0.256642865,,,,
568,0.180480426,0.170126944,0.420586342,0.228806288,,,,
569,0.349284186,0.110453697,0.195180119,0.345081998,,,,
570,0.118820795,0.174293982,0.188234814,0.51865041,,,,
571,0.030416025,0.314184668,0.440947086,0.214452221,,,,
572,0.067069818,0.038905226,0.582481846,0.311543109,,,,
573,0.371241047,0.153442354,0.055378682,0.419937918,,,,
574,0.24415434,0.217174742,0.351502411,0.187168508,,,,
575,0.275650827,0.086140849,0.150668833,0.487539491,,,,
576,0.066451428,0.308117709,0.122519087,0.502911776,,,,
577,0.115715305,0.167047643,0.243639088,0.473597964,,,,
578,0.362246986,0.073408641,0.101366758,0.462977614,,,,
579,0.190427883,0.163653244,0.264945927,0.380972946,,,,
580,0.136485658,0.225625753,0.195855431,0.442033158,,,,
581,0.309115101,0.09378325,0.257123059,0.33997859,,,,
582,0.188094809,0.211261723,0.328555146,0.272088322,,,,
583,0.316305463,0.085070218,0.075783586,0.522840733,,,,
584,0.108041732,0.488848381,0.033252732,0.369857156,,,,
585,0.190515856,0.246283636,0.152452428,0.41074808,,,,
586,0.272929161,0.295556819,0.046249369,0.385264652,,,,
587,0.410409426,0.142438615,0.046180488,0.400971471,,,,
588,0.080573866,0.211641781,0.238102798,0.469681555,,,,
589,0.369726612,0.039251701,0.279441589,0.311580098,,,,
590,0.273853214,0.208435064,0.046586768,0.471124954,,,,
591,0.135952703,0.093967376,0.149611998,0.620467923,,,,
592,0.035825525,0.272790152,0.107555664,0.583828659,,,,
593,0.063945418,0.171765954,0.179763211,0.584525418,,,,
594,0.275411552,0.052571078,0.207768996,0.464248373,,,,
595,0.138593775,0.106990334,0.222922,0.53149389,,,,
596,0.068652333,0.208978926,0.312716365,0.409652376,,,,
597,0.109057126,0.071503781,0.102960753,0.71647834,,,,
598,0.048470086,0.180236515,0.299297219,0.471996179,,,,
599,0.037864692,0.11178695,0.239914661,0.610433697,,,,
600,0.163065574,0.104580205,0.16327851,0.569075711,,,,
601,0.237504837,0.212859363,0.0967695,0.4528663,,,,
602,0.085745323,0.089205637,0.254795463,0.570253577,,,,
603,0.158202114,0.026225366,0.347446622,0.468125898,,,,
604,0.065060246,0.110027542,0.440272866,0.384639346,,,,
605,0.032397972,0.106572697,0.27298383,0.588045501,,,,
606,0.061532004,0.041194151,0.437074979,0.460198867,,,,
607,0.074875932,0.098786227,0.027414279,0.798923562,,,,
608,0.056213483,0.109006672,0.185052873,0.649726972,,,,
609,0.155399147,0.089481596,0.396267892,0.358851365,,,,
610,0.045242903,0.513070665,0.141425769,0.300260663,,,,
611,0.050715153,0.112104506,0.481051455,0.356128886,,,,
612,0.10234821,0.584227614,0.051357906,0.26206627,,,,
613,0.122725464,0.426208423,0.142832015,0.308234098,,,,
614,0.486211131,0.053099535,0.110257281,0.350432053,,,,
615,0.108908649,0.491784694,0.048233671,0.351072986,,,,
616,0.084714106,0.131323202,0.470725508,0.313237184,,,,
617,0.088967915,0.157296115,0.468420348,0.285315621,,,,
618,0.223482637,0.229724811,0.135003246,0.411789306,,,,
619,0.15099137,0.139047503,0.308155986,0.401805141,,,,
620,0.075658609,0.0568107,0.558266187,0.309264504,,,,
621,0.272808983,0.069112973,0.185545537,0.472532507,,,,
622,0.45146307,0.141911819,0.123818721,0.28280639,,,,
623,0.029258242,0.366104411,0.308914643,0.295722704,,,,
624,0.362980708,0.347316981,0.094706515,0.194995796,,,,
625,0.107697095,0.15853859,0.271838587,0.461925729,,,,
626,0.06225957,0.465158082,0.047030162,0.425552187,,,,
627,0.152605671,0.094557004,0.599211346,0.15362598,,,,
628,0.057670157,0.220596861,0.233872117,0.487860865,,,,
629,0.160041838,0.252793447,0.175215589,0.411949126,,,,
630,0.368108458,0.1128395,0.062649328,0.456402714,,,,
631,0.283396914,0.112033745,0.195501956,0.409067385,,,,
632,0.046802362,0.032557206,0.300360191,0.620280242,,,,
633,0.616002338,0.0470866,0.080205966,0.256705096,,,,
634,0.121292373,0.058431123,0.227542485,0.59273402,,,,
635,0.186099955,0.114383747,0.058052799,0.641463499,,,,
636,0.323279333,0.088816597,0.120742205,0.467161865,,,,
637,0.04297702,0.220388253,0.456107017,0.28052771,,,,
638,0.152677733,0.105444074,0.148618378,0.593259815,,,,
639,0.449750105,0.040497047,0.072965187,0.436787662,,,,
640,0.418735298,0.087856399,0.036878999,0.456529303,,,,
641,0.253099184,0.085867945,0.348774969,0.312257902,,,,
642,0.152664691,0.048618107,0.401180753,0.397536448,,,,
643,0.059704541,0.158498384,0.317602386,0.464194689,,,,
644,0.153419691,0.108526896,0.4087813,0.329272113,,,,
645,0.288630759,0.139395181,0.124047077,0.447926984,,,,
646,0.249943515,0.269372114,0.016064839,0.464619533,,,,
647,0.262337855,0.230064193,0.190630347,0.316967604,,,,
648,0.157441717,0.061248949,0.328881674,0.45242766,,,,
649,0.055745318,0.435499511,0.224910058,0.283845112,,,,
650,0.23889813,0.429243038,0.098406353,0.233452479,,,,
651,0.274923431,0.301428398,0.05369813,0.369950041,,,,
652,0.173852241,0.238149186,0.061337558,0.526661015,,,,
653,0.340665008,0.126319759,0.054266561,0.478748672,,,,
654,0.067388203,0.152019156,0.215225184,0.565367457,,,,
655,0.073255933,0.369373752,0.345140308,0.212230008,,,,
656,0.17039161,0.312259684,0.048422324,0.468926382,,,,
657,0.23262111,0.25989506,0.072467515,0.435016314,,,,
658,0.263001448,0.097686543,0.06507584,0.57423617,,,,
659,0.134735974,0.216295115,0.272308048,0.376660863,,,,
660,0.140477809,0.27178006,0.260742681,0.32699945,,,,
661,0.027574923,0.052383183,0.595219342,0.324822551,,,,
662,0.210397368,0.368623257,0.065272349,0.355707026,,,,
663,0.042233191,0.061093378,0.266593594,0.630079838,,,,
664,0.190151392,0.239216145,0.293794099,0.276838364,,,,
665,0.270298214,0.072880588,0.114577046,0.542244152,,,,
666,0.076048723,0.351055121,0.405563976,0.16733218,,,,
667,0.053442517,0.131997767,0.338425961,0.476133755,,,,
668,0.200221043,0.642261022,0.021896231,0.135621704,,,,
669,0.227600247,0.106000391,0.35173152,0.314667842,,,,
670,0.573033145,0.101136372,0.048527918,0.277302564,,,,
671,0.080368038,0.439028074,0.252780658,0.22782323,,,,
672,0.331668412,0.090137229,0.202153051,0.376041309,,,,
673,0.471343071,0.343195594,0.022260277,0.163201058,,,,
674,0.437686417,0.363439227,0.03889191,0.159982446,,,,
675,0.165303082,0.097074434,0.530609603,0.207012882,,,,
676,0.310947163,0.177391703,0.186812428,0.324848707,,,,
677,0.090018531,0.713051842,0.041551033,0.155378594,,,,
678,0.15358879,0.507091798,0.174650529,0.164668883,,,,
679,0.319972371,0.100559724,0.241654067,0.337813838,,,,
680,0.207529585,0.154185642,0.149704861,0.488579912,,,,
681,0.038778747,0.817391405,0.042143982,0.101685865,,,,
682,0.319238255,0.10427685,0.12859773,0.447887165,,,,
683,0.160847761,0.368248041,0.085185924,0.385718273,,,,
684,0.410568649,0.350224938,0.031690126,0.207516287,,,,
685,0.523581553,0.318360226,0.092219773,0.065838447,,,,
686,0.066386908,0.706665323,0.16461645,0.062331319,,,,
687,0.337437618,0.067492074,0.489888467,0.10518184,,,,
688,0.129371633,0.675646901,0.09156931,0.103412156,,,,
689,0.057671147,0.136382518,0.713822525,0.092123811,,,,
690,0.753863108,0.084319646,0.070330415,0.09148683,,,,
691,0.275336245,0.5009498,0.128077522,0.095636433,,,,
692,0.578690854,0.303948518,0.03520348,0.082157148,,,,
693,0.224447752,0.448435907,0.186099497,0.141016843,,,,
694,0.249934993,0.206378569,0.433163183,0.110523255,,,,
695,0.078603958,0.527207159,0.31863083,0.075558053,,,,
696,0.642339675,0.063687074,0.219880638,0.074092613,,,,
697,0.653400683,0.097946805,0.146129769,0.102522743,,,,
698,0.040991155,0.814999845,0.087548273,0.056460727,,,,
699,0.249720356,0.156412215,0.418037795,0.175829634,,,,
700,0.243595495,0.091053631,0.551076665,0.114274209,,,,
701,0.513472535,0.238574196,0.111534821,0.136418449,,,,
702,0.463082715,0.245751251,0.169618135,0.121547899,,,,
703,0.258119255,0.317441358,0.128161674,0.296277714,,,,
704,0.091806985,0.279284503,0.354475672,0.27443284,,,,
705,0.517190168,0.193041746,0.064982011,0.224786074,,,,
706,0.138001263,0.351743203,0.050516363,0.459739171,,,,
707,0.419181597,0.139523756,0.227837029,0.213457617,,,,
708,0.10133236,0.128370011,0.128403687,0.641893942,,,,
709,0.173936075,0.136965032,0.135456098,0.553642795,,,,
