"","Ch1","Ch2","Ch3","Ch4"
"1",0.132652633295364,0.0814505718263588,0.150720889394319,0.635175905483959
"2",0.431855634796608,0.0404746422958921,0.0137441359446997,0.5139255869628
"3",0.0253921970311599,0.27171126217732,0.202186803604399,0.500709737187122
"4",0.276799882674613,0.159204899874609,0.131570539918397,0.432424677532381
"5",0.0414494689225063,0.321839455223692,0.0569385394160538,0.579772536437748
"6",0.208915471561553,0.251043342681559,0.03028401214715,0.509757173609738
"7",0.297269376711477,0.070337467862737,0.0711730091939814,0.561220146231804
"8",0.0367539352227669,0.193776100455972,0.0372996713282202,0.732170292993041
"9",0.235637789801197,0.331884205100679,0.0274792341622312,0.404998770935892
"10",0.139564357095032,0.114854842266022,0.0333703249197736,0.712210475719172
"11",0.274596749441352,0.0589645151891898,0.129360903849306,0.537077831520152
"12",0.0549049947369141,0.209628494343587,0.0961548952184917,0.639311615701007
"13",0.134168202115531,0.101005127383012,0.119722425274247,0.64510424522721
"14",0.0308275459899849,0.173435072826544,0.0756961952113132,0.720041185972158
"15",0.132739604812127,0.261831238861901,0.0163959061657427,0.58903325016023
"16",0.0376235502017966,0.21074800300289,0.0254486058886967,0.726179840906617
"17",0.133785176806011,0.137005790743503,0.0411030566573452,0.688105975793141
"18",0.075745308854995,0.0314523089021665,0.190286625115801,0.702515757127037
"19",0.0349262372954886,0.224678048288379,0.158185382401672,0.582210332014461
"20",0.069554938688248,0.291597978236113,0.345565613541457,0.293281469534182
"21",0.39074989723548,0.146574712360823,0.074464830123872,0.388210560279825
"22",0.358637579809559,0.309993796332886,0.0380022909271794,0.293366332930377
"23",0.0890254426391799,0.611263694250397,0.042691687120092,0.257019175990331
"24",0.189829289112277,0.252026466879885,0.139773924379941,0.418370319627897
"25",0.113582953059376,0.339948968903126,0.365019987018645,0.181448091018854
"26",0.106873547627094,0.143466234157868,0.154044804736745,0.595615413478293
"27",0.0838004654204312,0.431574770780643,0.340226326024073,0.144398437774853
"28",0.0805721368807452,0.35526659207713,0.162165316459428,0.401995954582697
"29",0.183241443975637,0.263830590839995,0.372234681854757,0.180693283329611
"30",0.1436506773537,0.116404772647719,0.172085934026428,0.567858615972152
"31",0.215461440362179,0.258532532656049,0.186970814441358,0.339035212540414
"32",0.188834060454994,0.0668709655650404,0.364258007631969,0.380036966347997
"33",0.35800832682936,0.279376586907186,0.0837434032543494,0.278871683009104
"34",0.604242287839195,0.0568142963691865,0.0389337628367412,0.300009652954878
"35",0.236667341943449,0.355653113491146,0.0591686681798186,0.348510876385587
"36",0.662601051527199,0.0626801268046685,0.053011481302088,0.221707340366045
"37",0.0913546118640882,0.30788807489687,0.315901875009595,0.284855438229447
"38",0.298991722339342,0.123216232161294,0.122252806997621,0.455539238501743
"39",0.0621117920314436,0.167577516985073,0.331151791899489,0.439158899083995
"40",0.0972113190376978,0.0548465268632176,0.447357109277967,0.400585044821118
"41",0.344504324090346,0.243296998694268,0.0886642609014107,0.323534416313975
"42",0.313739336803663,0.129778056448189,0.0332924284971803,0.523190178250967
"43",0.0299627863759906,0.0562843176794134,0.539035551531477,0.374717344413119
"44",0.167467798409725,0.0748598958307121,0.393330616533842,0.364341689225721
"45",0.283044339024134,0.0962463268509494,0.133614653921487,0.48709468020343
"46",0.104947666882988,0.266578905776637,0.274894081941264,0.353579345399112
"47",0.0795508211532418,0.227219138042497,0.193691495267593,0.499538545536668
"48",0.105348439428244,0.229180988608318,0.0492876881183023,0.616182883845136
"49",0.0770655639851899,0.357819624882822,0.257668812976746,0.307445998155242
"50",0.0778512740903374,0.0718768742668539,0.129759726932639,0.72051212471017
"51",0.23962293352042,0.0662429253650089,0.253170352401727,0.440963788712845
"52",0.119719583673409,0.0523878452336239,0.177383822410037,0.65050874868293
"53",0.284730805773223,0.169615134942358,0.0332659884039192,0.5123880708805
"54",0.256388531188426,0.0718575689823471,0.045932747662697,0.62582115216653
"55",0.146758012840815,0.309497933474668,0.13447368339234,0.409270370292176
"56",0.0990273962391775,0.0545267167990997,0.0961031814477976,0.750342705513925
"57",0.37319382299106,0.088558495911934,0.0540472246533226,0.484200456443683
"58",0.191571988665115,0.423450773278583,0.212319963390651,0.172657274665652
"59",0.341337193157085,0.224446855611051,0.187627252894042,0.246588698337821
"60",0.634183048746981,0.0257004469763367,0.244449427124113,0.095667077152569
"61",0.153333656853554,0.398704013545653,0.0723796047237167,0.375582724877076
"62",0.146506499636404,0.595004861524082,0.0819416236784452,0.176547015161069
"63",0.223816496516311,0.119717183894498,0.277497281486499,0.378969038102693
"64",0.0776158848180248,0.0692173484183643,0.699519315877024,0.153647450886587
"65",0.446472982844071,0.190330573093256,0.27055613150058,0.0926403125620932
"66",0.286126810678053,0.427772064381595,0.217685829655724,0.0684152952846285
"67",0.30551933894679,0.273025002798902,0.276011188322295,0.145444469932013
"68",0.346346952219914,0.213174981168914,0.356664475058523,0.0838135915526492
"69",0.100132166376251,0.138894082458167,0.103495650729699,0.657478100435883
"70",0.248230325667497,0.584561107893694,0.0155566674142124,0.151651899024596
"71",0.0923507410129119,0.283985276105815,0.448644681808417,0.175019301072857
"72",0.0843997913600354,0.162108381127907,0.579074246390613,0.174417581121445
"73",0.384432303894139,0.0734511260959596,0.331467861479996,0.210648708529905
"74",0.0318353622379055,0.621070754970045,0.172801204914438,0.174292677877611
"75",0.156669374463032,0.334519533453307,0.0884190415380779,0.420392050545583
"76",0.0834667180327304,0.578649641577836,0.131104936616047,0.206778703773387
"77",0.0926855540099589,0.333542085609927,0.324272169793419,0.249500190586695
"78",0.127903612677255,0.410817475741736,0.254944865451526,0.206334046129484
"79",0.0330491452916427,0.5355794081989,0.311881385133035,0.119490061376422
"80",0.0825460634046517,0.0860729857513309,0.490331038040944,0.341049912803073
"81",0.190207813555906,0.053161761387362,0.624602204166809,0.132028220889923
"82",0.70430043972344,0.0484289015569664,0.0306078853632916,0.216662773356302
"83",0.199429207301471,0.146546500051418,0.13461895032891,0.519405342318202
"84",0.0858085909755956,0.429557567222811,0.310245954778925,0.174387887022669
"85",0.675057270503002,0.0338011759510506,0.0455419292101208,0.245599624335827
"86",0.221032522724243,0.160221381865085,0.133699393109774,0.485046702300898
"87",0.144970093909315,0.0456913892413453,0.642245309181524,0.167093207667816
"88",0.56398015983872,0.0670190276276874,0.122645805053702,0.246355007479891
"89",0.607006246797964,0.158760072967031,0.0772763320752564,0.156957348159748
"90",0.441622031998872,0.0781645467265026,0.365498881821493,0.114714539453133
"91",0.159733555632161,0.336905961405399,0.089070293809136,0.414290189153304
"92",0.197458348584325,0.0824361004880523,0.52177267676199,0.198332874165633
"93",0.256348527221845,0.494876357943882,0.140512760349302,0.108262354484972
"94",0.048054567153405,0.462046001833517,0.329014497847938,0.160884933165139
"95",0.256896293261119,0.153756509347838,0.476116666342239,0.113230531048804
"96",0.138080554491156,0.243502214367479,0.48153000500109,0.136887226140274
"97",0.340954435328262,0.452053520711445,0.0546119848065053,0.152380059153788
"98",0.295696947453383,0.53813733270963,0.109607616843021,0.056558102993966
"99",0.156213476825421,0.378012621913033,0.149243434636287,0.316530466625259
"100",0.280582077603811,0.503365294543135,0.119517212276037,0.0965354155770169
"101",0.287881699400076,0.154381790679176,0.307494022320379,0.250242487600369
"102",0.214692842218066,0.283759816552425,0.368958201087824,0.132589140141685
"103",0.118029403382892,0.451467880912936,0.0668093043426623,0.36369341136151
"104",0.140861747569585,0.323658070587291,0.179267968329621,0.356212213513503
"105",0.0886980560493542,0.758286559811703,0.0423359350777123,0.11067944906123
"106",0.324973325655285,0.404636929562299,0.107791359829772,0.162598384952644
"107",0.180845019475399,0.559295976196854,0.135418788778792,0.124440215548956
"108",0.0425418458773074,0.692941632308971,0.114136973359831,0.150379548453891
"109",0.394896518403676,0.144747953584146,0.224745541840827,0.235609986171351
"110",0.560550290783306,0.162177245319911,0.12263498473695,0.154637479159834
"111",0.177982937987794,0.174558725574988,0.444730643874492,0.202727692562726
"112",0.580210295436077,0.124759854033427,0.049065678327288,0.245964172203208
"113",0.295775159288405,0.12952922930724,0.434236029645401,0.140459581758954
"114",0.417754538808927,0.0823924173319098,0.191201325404172,0.308651718454991
"115",0.0478127202138861,0.668839702831582,0.0352322182673463,0.248115358687186
"116",0.469116056983437,0.0363303436138166,0.159449321389009,0.335104278013737
"117",0.194387698886079,0.148060993307643,0.138464365576,0.519086942230278
"118",0.110921027993094,0.241025650334016,0.391122583589967,0.256930738082923
"119",0.106915887340231,0.0914840978638911,0.0807970112626554,0.720803003533223
"120",0.145237814125053,0.290066895936814,0.0625092311808162,0.502186058757317
"121",0.500811894696539,0.112448231001306,0.101272512385405,0.285467361916751
"122",0.172527204387025,0.0953551338548166,0.114864729437586,0.617252932320573
"123",0.0221480753181895,0.457364771136035,0.224863272986073,0.295623880559703
"124",0.377483708220307,0.0305375857278495,0.198727574589151,0.393251131462692
"125",0.264112327993418,0.242015279739552,0.0536462022249477,0.440226190042083
"126",0.43961950065081,0.167217982068897,0.110846242868878,0.282316274411415
"127",0.121429795720706,0.546969577502686,0.0904187473728207,0.241181879403788
"128",0.392336442389981,0.043702126247066,0.117282653694186,0.446678777668767
"129",0.307120489444277,0.0836130215957155,0.271727956620867,0.337538532339141
"130",0.196841991857928,0.362598907773578,0.220507434757041,0.220051665611454
"131",0.12526505445349,0.372998292282469,0.137637020025135,0.364099633238907
"132",0.0696044941177521,0.0902057953255408,0.560218901411678,0.279970809145029
"133",0.213910990056093,0.183653755185992,0.27494653382909,0.327488720928824
"134",0.197304515003337,0.493524346077732,0.144050106257649,0.165121032661281
"135",0.200202769508757,0.101122945814006,0.350392914326094,0.348281370351142
"136",0.107465904358174,0.597998184826746,0.0874710872325732,0.207064823582507
"137",0.0740122338351259,0.241401014600286,0.488816048843169,0.195770702721419
"138",0.411200466717564,0.158468673508089,0.301003706683449,0.129327153090898
"139",0.578711075873871,0.0747462369209033,0.26233567451902,0.0842070126862058
"140",0.397150472715025,0.23316713553757,0.302375623495085,0.0673067682523201
"141",0.23799873432686,0.0548142190244013,0.559549834255368,0.14763721239337
"142",0.314069121811278,0.459709005831061,0.0648323989473096,0.161389473410351
"143",0.133059923690215,0.19190275558003,0.236605037367657,0.438432283362098
"144",0.429375087210447,0.145386908898605,0.141972768351084,0.283265235539864
"145",0.326329059856483,0.148989548710118,0.236010009274067,0.288671382159332
"146",0.548752887686344,0.124012542494672,0.100464618927261,0.226769950891722
"147",0.215291509811679,0.088446446232836,0.570348553921197,0.125913490034288
"148",0.370418108023079,0.0935434015352121,0.291802677584521,0.244235812857189
"149",0.0657913573972342,0.655370368484032,0.126856298897063,0.151981975221671
"150",0.181555938159218,0.0651936845070178,0.560148622258568,0.193101755075197
"151",0.208437074528759,0.0591409564736469,0.508933224086239,0.223488744911355
"152",0.451042361827432,0.122342194794684,0.138937760782337,0.287677682595546
"153",0.437561863618651,0.12803555686838,0.206149596813727,0.228252982699242
"154",0.119789946187761,0.135953508799458,0.369186643375547,0.375069901637234
"155",0.225473843192598,0.0661994254489561,0.326846398680236,0.381480332678211
"156",0.26684434241623,0.12124620519689,0.396873064851979,0.2150363875349
"157",0.102512647214708,0.0626352901502159,0.397964186398921,0.436887876236155
"158",0.12073584627434,0.346077855618654,0.324735774854099,0.208450523252907
"159",0.0239148127479215,0.646414213965943,0.0751794301127263,0.25449154317341
"160",0.182816472916459,0.248659473275684,0.121374948610094,0.447149105197762
"161",0.0645417902139776,0.051060924059279,0.595834796758064,0.28856248896868
"162",0.226748810311687,0.495469062096897,0.0619094741681596,0.215872653423256
"163",0.241398374564796,0.46682094842948,0.0813056821789842,0.210474994826739
"164",0.0493966870670556,0.132161627447728,0.659294355734266,0.15914732975095
"165",0.0632228446604316,0.216266454899105,0.548970697595031,0.171540002845432
"166",0.0708690599379739,0.370299158633233,0.246024225227479,0.312807556201314
"167",0.192186344301772,0.176998162532031,0.16477763239605,0.466037860770146
"168",0.0606305527095301,0.246891069063145,0.437358601322702,0.255119776904623
"169",0.316711746016774,0.452067843383436,0.0538409357374191,0.177379474862371
"170",0.0744159875165153,0.402533037250267,0.269402999046871,0.253647976186346
"171",0.418399021533742,0.0956563312880704,0.334275488423879,0.151669158754309
"172",0.278477800163016,0.359234510565073,0.15721662695551,0.2050710623164
"173",0.218904638318331,0.103653519768995,0.517216923613284,0.16022491829939
"174",0.111954200092136,0.249999663427505,0.329422140701104,0.308623995779254
"175",0.338641705209694,0.0666728053849799,0.280751371778436,0.31393411762689
"176",0.0910325388502902,0.405086146862133,0.158495694813592,0.345385619473985
"177",0.138662422436858,0.184735703944044,0.524361173016296,0.152240700602802
"178",0.0837506330333515,0.299271037079917,0.302244002567695,0.314734327319036
"179",0.0601890317994154,0.0756126826038942,0.590184333769334,0.274013951827356
"180",0.135419069721272,0.459290600952091,0.145783169045025,0.259507160281612
"181",0.369882432682413,0.372714339712394,0.171935411831698,0.0854678157734948
"182",0.265589204503639,0.232697671589394,0.284468664219753,0.217244459687214
"183",0.1634468113592,0.586579652284388,0.0510585061231577,0.198915030233254
"184",0.472776776044957,0.29978008004235,0.100986716843078,0.126456427069615
"185",0.192707031640593,0.489512239783371,0.0668074609700207,0.250973267606014
"186",0.0597983661974736,0.430554870836911,0.345371231705632,0.164275531259984
"187",0.197975186780961,0.498250871044879,0.0804532863183802,0.22332065585578
"188",0.230109224831877,0.259711297891963,0.13401073856606,0.3761687387101
"189",0.20494674578742,0.541445288256059,0.141947976366414,0.111659989590108
"190",0.362455908020705,0.14873837503527,0.307958181220852,0.180847535723174
"191",0.18991048611819,0.482985327461552,0.0698771415979315,0.257227044822326
"192",0.123788466370401,0.102772219551404,0.154815440031242,0.618623874046953
"193",0.274045890613085,0.0670766318360935,0.517850626997614,0.141026850553208
"194",0.0514725464060786,0.242124877892063,0.17117872417636,0.535223851525498
"195",0.198055385335975,0.113597536309398,0.524577730989692,0.163769347364935
"196",0.170073087209172,0.166528358477218,0.145299942583903,0.518098611729708
"197",0.275637756959362,0.325672971844288,0.149905079285005,0.248784191911345
"198",0.122607076183799,0.146669389098641,0.52231608428609,0.208407450431469
"199",0.320734293814388,0.0874316077864507,0.131547396546141,0.46028670185302
"200",0.0385027386581829,0.526915293147059,0.117756454215859,0.316825513978899
"201",0.620794022570772,0.108404700457936,0.0439161102497431,0.226885166721549
"202",0.0478302064006423,0.281202491823902,0.190568182150231,0.480399119625225
"203",0.45728919180042,0.0501234864216951,0.214538108414413,0.278049213363471
"204",0.28920518035831,0.118514130786827,0.104810455340975,0.487470233513887
"205",0.122856442288461,0.18355549052093,0.508235116764651,0.185352950425958
"206",0.0781382134443037,0.416225437841407,0.180447804927786,0.325188543786504
"207",0.564938155345057,0.112201180260909,0.083608277425557,0.239252386968477
"208",0.0918897703368219,0.10739512666674,0.160517427926217,0.640197675070221
"209",0.356796545952209,0.382728795922914,0.0847439342892651,0.175730723835612
"210",0.380422281078849,0.301750566005751,0.135635687060235,0.182191465855165
"211",0.652424431192167,0.113338433369475,0.146597147201058,0.0876399882372992
"212",0.396004921077057,0.335130293674821,0.191694070654272,0.0771707145938502
"213",0.129444309297926,0.57377300760626,0.224166660349738,0.0726160227460761
"214",0.128802676492569,0.131823466270168,0.580156873641393,0.15921698359587
"215",0.0953605251686783,0.449795546004638,0.307713140153814,0.14713078867287
"216",0.155437921463972,0.0946941054488595,0.706264014186141,0.0436039589010267
"217",0.33947605511365,0.1850480208749,0.397010914604306,0.0784650094071444
"218",0.0248024532655189,0.399276487920682,0.525081932685413,0.050839126128386
"219",0.145476307019535,0.347101811985745,0.41585205415376,0.0915698268409606
"220",0.372226180347721,0.0857149755215236,0.43416992287402,0.107888921256736
"221",0.51527303476739,0.138276984796167,0.24911672761156,0.0973332528248828
"222",0.379937764345587,0.21797650527515,0.305267148067369,0.0968185823118945
"223",0.157837258091914,0.639600656060492,0.0563633086242382,0.146198777223356
"224",0.124768328342091,0.107268081868528,0.703471211709826,0.064492378079555
"225",0.34677569022926,0.0593827010923753,0.510440631487665,0.0834009771906991
"226",0.403069960760488,0.190130259731845,0.156235680218034,0.250564099289633
"227",0.0557352635517312,0.406357958074116,0.447489568872482,0.0904172095016712
"228",0.152872199644502,0.592441408151186,0.196124607283596,0.0585617849207161
"229",0.066215465841536,0.0606266237397052,0.653639395001522,0.219518515417237
"230",0.163783463242678,0.11148656287848,0.200714056057215,0.524015917821626
"231",0.0323152473363479,0.178248619494974,0.566779368759671,0.222656764409007
"232",0.129588170291462,0.313592409130989,0.131044136089844,0.425775284487705
"233",0.187348262649157,0.240509319043598,0.121345563705044,0.4507968546022
"234",0.146033669703057,0.170608896684589,0.20787390527497,0.475483528337383
"235",0.293381111244951,0.363567550902016,0.0641358750666747,0.278915462786358
"236",0.047228130608572,0.345913601771286,0.255615904685178,0.351242362934965
"237",0.0468965562113429,0.170287014523078,0.510328098124717,0.272488331140862
"238",0.078609693176995,0.0675983884155849,0.524643351551114,0.329148566856306
"239",0.0641891855421323,0.105044469413514,0.529205463135966,0.301560881908388
"240",0.223502577856417,0.0503937327695221,0.51632456351874,0.209779125855321
"241",0.102405661182111,0.48259708590196,0.116965797090674,0.298031455825256
"242",0.0390991352923583,0.522338762031041,0.141106070987726,0.297456031688874
"243",0.026953909218593,0.288270460497967,0.553362513924272,0.131413116359167
"244",0.177947842887097,0.404362186520294,0.285060887381238,0.132629083211371
"245",0.189316770732679,0.134217746978265,0.505977526562486,0.17048795572657
"246",0.0694660956891531,0.206673187426117,0.47298305376955,0.25087766311518
"247",0.283491903140853,0.0963706904671018,0.24910860880949,0.371028797582555
"248",0.379920110208282,0.241918524743264,0.378161343505378,2.15430765454143e-08
"249",0.235691641562921,0.551058550842282,0.213249800723604,6.87119340271774e-09
"250",0.268775153022382,0.544877788572722,0.186347053709318,4.69557833648465e-09
"251",0.133979910041724,0.386208677020252,0.479811398368841,1.45691827371269e-08
"252",0.216243348547808,0.0688877406863661,0.714868906880753,3.88507244051196e-09
"253",0.249944870829442,0.261718194395259,0.488336914416916,2.03583838586227e-08
"254",0.137228896576783,0.429667445434877,0.433103649895926,8.09241335402446e-09
"255",0.162997699693789,0.339031525264519,0.49797077180436,3.23733199960457e-09
"256",0.220398271439982,0.447894471070216,0.331707254585577,2.90422535647826e-09
"257",0.253048542491812,0.0522945993556284,0.694656855133944,3.01861502510548e-09
"258",0.655150397701677,0.0856462074357494,0.259203385714809,9.1477647610056e-09
"259",0.0995238558946135,0.467436939172417,0.433039188058351,1.68746187669152e-08
"260",0.0273355146332356,0.557505992854114,0.415158488149407,4.36324275498882e-09
"261",0.286340436007937,0.188043282447426,0.525616263788253,1.77563842151063e-08
"262",0.351460256748224,0.198626151319892,0.449913572456483,1.94754016978502e-08
"263",0.0685624461875593,0.0650787805126607,0.86635876951945,3.78032986244852e-09
"264",0.451505593019008,0.369872701122092,0.178621689404224,1.64546752418342e-08
"265",0.243577029825114,0.630149749281622,0.126273210673311,1.0219952957783e-08
"266",0.29713150504365,0.371590431358976,0.331278048029692,1.55676817645886e-08
"267",0.0703818919467753,0.174437036973918,0.133871717080749,0.621309353998558
"268",0.273201927455878,0.0767100373752354,0.0286192932456973,0.62146874192319
"269",0.192890168303794,0.305100477807609,0.0385691375779365,0.463440216310661
"270",0.251340621881044,0.335270196094902,0.0210537390095144,0.392335443014539
"271",0.164959940955244,0.34117323192016,0.0171092746378587,0.476757552486737
"272",0.0554190749420265,0.40859330906829,0.0158915840437078,0.520096031945976
"273",0.0441177820755865,0.0400654143872593,0.267251346682066,0.648565456855088
"274",0.143259217717831,0.448898971290426,0.0317012707561989,0.376140540235545
"275",0.154554438759768,0.22421461495024,0.245589856240898,0.375641090049094
"276",0.0516002890399575,0.265598933824608,0.063959724895499,0.618841052239936
"277",0.0711624499489076,0.423611171305673,0.0723417023170581,0.432884676428361
"278",0.214152235454583,0.0606478010285018,0.0760401640633677,0.649159799453547
"279",0.312406046661993,0.163528104784327,0.0591859404177209,0.464879908135959
"280",0.0302057174283261,0.528808672293269,0.0224011027046463,0.418584507573758
"281",0.0531073465425577,0.072284928460571,0.258575827133225,0.616031897863646
"282",0.051187923038259,0.0465645434381589,0.365125412381524,0.537122121142058
"283",0.128735688692632,0.0743254253046515,0.309828206638381,0.487110679364336
"284",0.0200825546011736,0.347094860723531,0.121420024225444,0.511402560449852
"285",0.100801902117383,0.347713788822573,0.0284287792559723,0.523055529804072
"286",0.337273110495677,0.142918874733166,0.1636606156525,0.356147399118657
"287",0.125222827048072,0.0613421842860678,0.207565983905262,0.605869004760598
"288",0.0533007065614338,0.276712411239558,0.307046669409248,0.36294021278976
"289",0.155773105510241,0.40084300012415,0.108184662753187,0.335199231612422
"290",0.305419049422824,0.270590317791999,0.198776630273175,0.225214002512001
"291",0.0346622671410846,0.275481148123492,0.42903906279639,0.260817521939033
"292",0.0857322130134133,0.205543843788191,0.1282555283944,0.580468414803996
"293",0.325276352879571,0.132572909111112,0.18890245053059,0.353248287478726
"294",0.0326943494631082,0.180082462637955,0.29668080533074,0.490542382568198
"295",0.411988687498884,0.180076004887931,0.179984762713945,0.22795054489924
"296",0.128467111052304,0.147888026279418,0.457318632502604,0.266326230165673
"297",0.0587682905887678,0.358768999748138,0.302509739454518,0.279952970208576
"298",0.130828459693752,0.490488818038064,0.160183743978697,0.218498978289487
"299",0.102700711495852,0.507489266889983,0.07885063700369,0.310959384610475
"300",0.222477738529856,0.0707516992101883,0.0665873680738889,0.640183194186067
"301",0.0866872056503867,0.111680239850365,0.396421688253863,0.405210866245386
"302",0.352958330970795,0.313170177995638,0.195992450244505,0.137879040789062
"303",0.0653119552997115,0.0579543330823798,0.393595208504269,0.48313850311364
"304",0.238199270148445,0.0523488857368311,0.413385426741654,0.29606641737307
"305",0.301902412356502,0.275835404613736,0.159417960678957,0.262844222350805
"306",0.249714297466662,0.0578272222300346,0.0525583613365864,0.639900118966717
"307",0.0964585954691653,0.287785829120292,0.179959693537783,0.435795881872759
"308",0.0882736943743924,0.336221352251885,0.182583667701064,0.392921285672658
"309",0.100488084884066,0.0705521937271644,0.438345572039584,0.390614149349186
"310",0.257760450709103,0.18767264933088,0.0785790513127078,0.475987848647309
"311",0.160296550584237,0.333663775205863,0.0494555790101947,0.456584095199706
"312",0.206261178133849,0.285311493159632,0.0429907445149823,0.465436584191536
"313",0.374972203129826,0.101844050811364,0.181903097732869,0.34128064832594
"314",0.184680995368117,0.477659897638947,0.0300217394627132,0.307637367530223
"315",0.131352626919204,0.0604867889412318,0.181146963555681,0.627013620583883
"316",0.20084683159694,0.318675899835508,0.0216155368058279,0.458861731761724
"317",0.061562484725689,0.0845857855294718,0.110666923528528,0.743184806216311
"318",0.0251812221026921,0.293220589652468,0.266724979930197,0.414873208314643
"319",0.0342224714023351,0.284333591875566,0.174491137151324,0.506952799570775
"320",0.109578095408743,0.060356832430555,0.157310217022454,0.672754855138247
"321",0.469099696651675,0.0422858388851598,0.0889387327550811,0.399675731708084
"322",0.12696584479358,0.10449876818788,0.0384950078896051,0.730040379128935
"323",0.035315280425578,0.311578755309904,0.116875358198888,0.536230606065629
"324",0.134318584047472,0.341590547092142,0.291649304117267,0.232441564743119
"325",0.0836996594386797,0.0867568824559015,0.389537349060145,0.440006109045273
"326",0.641232172043028,0.103609484746447,0.0585541199568025,0.196604223253723
"327",0.472508199812939,0.324902592685034,0.0522558060899576,0.15033340141207
"328",0.0614789564474168,0.51753293808345,0.280301309123444,0.140686796345689
"329",0.433377816115181,0.05712929601034,0.420250991807719,0.0892418960667601
"330",0.228450356622562,0.215834344860443,0.336049303261819,0.219665995255176
"331",0.424577111495828,0.0647925569303508,0.292737207362987,0.217893124210834
"332",0.053508356387525,0.54773470419066,0.137573583328976,0.261183356092839
"333",0.0405922564205698,0.77060406623253,0.0387213914171524,0.150082285929748
"334",0.0627672234773319,0.0563956102870943,0.680936947247154,0.19990021898842
"335",0.370288186612484,0.0629940701711868,0.142575519374051,0.424142223842279
"336",0.140393419690515,0.507945352496733,0.150726960860037,0.200934266952716
"337",0.227575294843422,0.341046264321083,0.136393796255945,0.29498464457955
"338",0.336427115100213,0.208064781256948,0.215316770243956,0.240191333398884
"339",0.346096775630538,0.0984289359772229,0.224058109950784,0.331416178441455
"340",0.207365336461686,0.0810833641610546,0.45709048419822,0.25446081517904
"341",0.109165995704294,0.201980771836751,0.532941362556738,0.155911869902216
"342",0.186264019150857,0.36372506874417,0.205110822878018,0.244900089226955
"343",0.496317065255403,0.0736373329373806,0.133612851685652,0.296432750121564
"344",0.476674048815547,0.21490591352315,0.121478588178027,0.186941449483276
"345",0.119578705161439,0.54763435248798,0.183776907403836,0.149010034946746
"346",0.058485874076195,0.159421045462045,0.464544568057098,0.317548512404663
"347",0.059913586420212,0.29821633548322,0.426076484722944,0.215793593373624
"348",0.0617456599884018,0.321482088434534,0.257330871600246,0.359441379976818
"349",0.60697366602008,0.0456740225846501,0.181416463650347,0.165935847744924
"350",0.542245083551427,0.141608921828623,0.0889909518203058,0.227155042799645
"351",0.22471777364077,0.253373297346388,0.13206210278178,0.389846826231063
"352",0.0496827463779875,0.529596373570051,0.123429713594477,0.297291166457484
"353",0.172588714966016,0.0759516084421853,0.177857396081889,0.57360228050991
"354",0.229578205567114,0.160270370298983,0.475529682130925,0.134621742002978
"355",0.11915645394813,0.636557140956011,0.0717760152614113,0.172510389834447
"356",0.465419291486646,0.111247554579847,0.0423988623206212,0.380934291612886
"357",0.532957275176236,0.0925168182488482,0.125033910138387,0.249491996436528
"358",0.1133070830049,0.0368109542293989,0.654823372707473,0.195058590058228
"359",0.147025260955227,0.0537259918813604,0.442004005827788,0.357244741335624
"360",0.0577121022860454,0.101986183173043,0.604982690022522,0.235319024518389
"361",0.351626746946404,0.330689872948231,0.127519967771211,0.190163412334153
"362",0.413229148214377,0.238285397488069,0.0640491526566487,0.284436301640905
"363",0.244769908476653,0.0666785578792249,0.115771760955046,0.572779772689076
"364",0.0887120703247026,0.0935808121528174,0.472689113434189,0.345018004088291
"365",0.420109587975405,0.189900961125805,0.0682250179195477,0.321764432979242
"366",0.122540030978394,0.0681179698220308,0.294437281095368,0.514904718104207
"367",0.175574121800212,0.106354050340471,0.0968039797374725,0.621267848121844
"368",0.18708376330238,0.0538510148979254,0.175780067296034,0.583285154503661
"369",0.530261781463825,0.0206254673923105,0.27493260590679,0.174180145237075
"370",0.0871246423218656,0.248513899987414,0.0839086707045498,0.58045278698617
"371",0.121374240741826,0.176921768164653,0.0641008007757173,0.637603190317803
"372",0.115699571453653,0.271498857911635,0.329967821326429,0.282833749308283
"373",0.340642780513155,0.0750338928923513,0.234377838621125,0.349945487973368
"374",0.445250657131783,0.0458261554278531,0.327286162502036,0.181637024938328
"375",0.12161135748999,0.0900246367155042,0.278042318883703,0.510321686910802
"376",0.359920477786734,0.043674848822124,0.32105993618504,0.275344737206101
"377",0.0592579444858194,0.048893782929389,0.452600325044,0.439247947540792
"378",0.115896447012636,0.0813507347594042,0.30114942648275,0.50160339174521
"379",0.0949547503518322,0.0769045381226393,0.449545482792039,0.378595228733489
"380",0.301292028913911,0.0312715655155226,0.0936003062257335,0.573836099344833
"381",0.460727356638008,0.029007771907523,0.384474461006111,0.125790410448358
"382",0.165829909172639,0.620561618066666,0.0718361859117682,0.141772286848927
"383",0.252122688615792,0.0819096524462309,0.332020229364229,0.333947429573748
"384",0.347455151289822,0.417826743114539,0.0205517275661613,0.214166378029477
"385",0.0750824712764727,0.103439543370253,0.626338692011225,0.19513929334205
"386",0.269120056501845,0.307080414141666,0.160242358657359,0.263557170699129
"387",0.182429646893117,0.24170239475433,0.3714990374042,0.204368920948353
"388",0.436597148397597,0.255402004121351,0.03669301754675,0.271307829934302
"389",0.342584452790547,0.381008513075108,0.116307258374498,0.160099775759847
"390",0.48012639441822,0.0688637331077298,0.133694236728676,0.317315635745375
"391",0.284371890052633,0.280917932262211,0.297306649425936,0.13740352825922
"392",0.349334189016436,0.0386741519009219,0.473670765741695,0.138320893340947
"393",0.0886758487466331,0.148999657727503,0.500088533305821,0.262235960220043
"394",0.437526147553054,0.0731065106142772,0.279342259585143,0.210025082247525
"395",0.126623842160846,0.149017715743273,0.308636593224795,0.415721848871085
"396",0.128249827389089,0.353088215206304,0.109654603611319,0.409007353793288
"397",0.664542940429782,0.180476845550071,0.0513980739791323,0.103582140041014
"398",0.448143301465421,0.0560932696240405,0.264063857126153,0.231699571784385
"399",0.463944604242572,0.137579243637592,0.0707019880044294,0.327774164115407
"400",0.67389103612506,0.172060020721802,0.105179440603677,0.0488695025494613
"401",0.240966576457636,0.174653291148573,0.47401278563451,0.110367346759281
"402",0.322440327019628,0.38240088607255,0.264856129721803,0.0303026571860194
"403",0.452925051264672,0.218420596446683,0.286439132930464,0.0422152193581817
"404",0.0653939404509624,0.0394530108130732,0.843371086827648,0.0517819619083159
"405",0.705338001949486,0.111417742097583,0.112535248076049,0.0707090078768824
"406",0.103497237907311,0.0713313380645127,0.737547200767256,0.0876242232609204
"407",0.58654147504428,0.0907332499187096,0.182517733552921,0.140207541484089
"408",0.126549504398677,0.287534338092926,0.504646389843892,0.081269767664506
"409",0.172314239377016,0.696132053158731,0.0874823948075595,0.0440713126566944
"410",0.683427887110462,0.169996261396365,0.0639403485198016,0.0826355029733722
"411",0.264811687461034,0.337196471556978,0.377044560950556,0.0209472800314311
"412",0.606105026168503,0.0385299741240851,0.309165701950422,0.0461992977569897
"413",0.547526844761624,0.370790441046651,0.0461065869100484,0.0355761272816773
"414",0.559217263937983,0.126291834612843,0.231630978450188,0.0828599229989856
"415",0.212469966503367,0.0506120715608708,0.70486688152555,0.0320510804102125
"416",0.442955061556184,0.0457225159752161,0.472563931028528,0.0387584914400717
"417",0.0737242994530077,0.56645497402106,0.290940342746878,0.0688803837790541
"418",0.491900997264201,0.256230764038214,0.117219825758107,0.134648412939478
"419",0.213029092005122,0.278254257377721,0.4141285558518,0.0945880947653567
"420",0.252542650442596,0.277764897908032,0.0667943651762621,0.402898086473109
"421",0.171411164363127,0.219153010883999,0.0984377277211317,0.510998097031742
"422",0.156598817646932,0.412920020288903,0.066774433409588,0.363706728654577
"423",0.186273932530776,0.526173628613983,0.0627583243104842,0.224794114544757
"424",0.0419372692842978,0.0940380698337158,0.608828681970667,0.255195978911319
"425",0.1213258940232,0.349746793838021,0.400296799474063,0.128630512664716
"426",0.566982719555606,0.198161247913223,0.0878833996111845,0.146972632919987
"427",0.699934761585494,0.0874378826253977,0.0631310241313131,0.149496331657796
"428",0.128242113865905,0.212613634034684,0.0745965540613367,0.584547698038074
"429",0.24637784924604,0.442634243767022,0.0571649420615542,0.253822964925384
"430",0.0955350649798408,0.288323235780779,0.360104583459955,0.256037115779425
"431",0.170252245625889,0.352179177780732,0.125040867585719,0.35252770900766
"432",0.557726051528242,0.054592510633877,0.240148325316786,0.147533112521095
"433",0.188580904326233,0.210231515084266,0.318261304760254,0.282926275829247
"434",0.433264936674681,0.258406312809168,0.110437976083076,0.197890774433074
"435",0.346372352416566,0.338563902601769,0.0766862300824571,0.238377514899208
"436",0.386943051952674,0.0829890611444301,0.189204414620989,0.340863472281907
"437",0.132025908859584,0.694741988464826,0.0320859239266215,0.141146178748968
"438",0.270184136565393,0.456937446651662,0.0980244392936258,0.17485397748932
"439",0.24775413835003,0.347285360705334,0.128321212423662,0.276639288520974
"440",0.191012919935644,0.078146955866372,0.109909953511275,0.620930170686709
"441",0.0714034951837054,0.245334894826368,0.207068428155185,0.476193181834742
"442",0.289468711083975,0.410085625179908,0.0558935526907312,0.244552111045385
"443",0.350311478091344,0.0971001418869548,0.0547320170663897,0.497856362955312
"444",0.0869866207656138,0.455852566026062,0.165881316493685,0.29127949671464
"445",0.332681611316795,0.057039510928749,0.312264548628273,0.298014329126183
"446",0.114962525850139,0.393464142015454,0.297704277687901,0.193869054446505
"447",0.422092596010048,0.110008609590527,0.231598918682365,0.236299875717061
"448",0.0916311740967181,0.141712118939429,0.452418047963481,0.314238659000372
"449",0.416278083370492,0.255384009834071,0.0626329980078821,0.265704908787555
"450",0.205777719540177,0.297957153919052,0.0982818108099583,0.397983315730813
"451",0.547950352489602,0.138554681917479,0.0488700517465093,0.26462491384641
"452",0.204611854149338,0.148187391913923,0.105148254084124,0.542052499852615
"453",0.484623727263588,0.0910782508579406,0.160640323884104,0.263657697994367
"454",0.0993416296869504,0.0697688878816911,0.243402458021892,0.587487024409466
"455",0.0541945286500865,0.21909676206706,0.0968703633781335,0.62983834590472
"456",0.274374559877382,0.130917532539162,0.24377282006699,0.350935087516466
"457",0.670531604553174,0.044747850003943,0.0765902868193172,0.208130258623566
"458",0.420596250978718,0.191442747240608,0.128818797203814,0.25914220457686
"459",0.646721666765286,0.0929817958943661,0.157551246487644,0.102745290852704
"460",0.188703509690851,0.535711239390123,0.124586652200393,0.150998598718633
"461",0.13387234560452,0.557818026508856,0.195151485643364,0.11315814224326
"462",0.431143650822991,0.26202172833889,0.105155117076735,0.201679503761383
"463",0.124369039379645,0.43293811358621,0.281888826575067,0.160804020459077
"464",0.313233403033809,0.112043975088854,0.15593266838759,0.418789953489748
"465",0.695639060485415,0.0684719285083985,0.0582533053400194,0.177635705666167
"466",0.247014507713497,0.268879655463687,0.151036847660373,0.333068989162443
"467",0.205927180167922,0.202733692769176,0.406292753880849,0.185046373182053
"468",0.187844855805682,0.0430367167443677,0.556219880670641,0.212898546779309
"469",0.714037602449954,0.0536898693318524,0.0638542838869585,0.168418244331235
"470",0.576046089919006,0.113360998425326,0.140766359800333,0.169826551855336
"471",0.166583737129357,0.532550133849648,0.157973558275462,0.142892570745533
"472",0.248126663583701,0.600535985682864,0.0708943374362866,0.0804430132971487
"473",0.141518365352262,0.413129833213307,0.0958255492890589,0.349526252145372
"474",0.195543535411475,0.486532692221941,0.181473435761268,0.136450336605316
"475",0.238753443392595,0.159834231838738,0.382653257031822,0.218759067736845
"476",0.441687379551475,0.282700143757811,0.0882446265668037,0.18736785012391
"477",0.225580040745792,0.0904796788605812,0.316932020099061,0.367008260294565
"478",0.501390841888626,0.0919095667997467,0.187814405114569,0.218885186197058
"479",0.303791047506331,0.350291152245809,0.113759757308182,0.232158042939677
"480",0.254264466231692,0.152177802817947,0.215595831627495,0.377961899322866
"481",0.34683166274744,0.153599588435337,0.176172475700569,0.323396273116653
"482",0.463119160990646,0.171550736095922,0.19332994871695,0.172000154196482
"483",0.0868281735764336,0.11594961452273,0.24266162769991,0.554560584200927
"484",0.110928185423233,0.178925223973462,0.538209627044375,0.171936963558929
"485",0.052964617805619,0.39500380395251,0.3128973555984,0.239134222643472
"486",0.166533804177458,0.277296892944899,0.12978356053586,0.426385742341783
"487",0.0469403490406595,0.114291211743914,0.596476864840844,0.242291574374583
"488",0.0568948486302909,0.294724177705699,0.414793933598476,0.233587040065534
"489",0.2306769049688,0.118000146401443,0.398026602588002,0.253296346041755
"490",0.166766611218604,0.241275368971701,0.126718653790955,0.46523936601874
"491",0.522352482335335,0.0865159155691667,0.215320879771764,0.175810722323735
"492",0.17097405436719,0.0656066038235395,0.396074720032813,0.367344621776457
"493",0.515267507624613,0.209160802714487,0.0572574159072038,0.218314273753696
"494",0.213135464553774,0.160658422078209,0.251022203282272,0.375183910085744
"495",0.521789394181973,0.296932862116382,0.121221037624087,0.060056706077558
"496",0.11205999440514,0.456114822523957,0.380509761982766,0.0513154210881366
"497",0.334375617145516,0.214646962421014,0.411329436116146,0.0396479843173237
"498",0.475686285755674,0.306846957961741,0.140096133177328,0.0773706231052569
"499",0.140798487832871,0.649450260636806,0.119680459814646,0.0900707917156763
"500",0.846455327318427,0.0365219136854398,0.072862176967204,0.0441605820289294
"501",0.311622545311336,0.248187472116349,0.367891057083697,0.072298925488619
"502",0.631058159293701,0.15925613923301,0.117770355443053,0.0919153460302359
"503",0.381880559259849,0.546302923307356,0.0394149426889958,0.032401574743799
"504",0.702460450421373,0.175914836535959,0.068689675322836,0.0529350377198314
