"Ch1","Ch2","Ch3","Ch4"
0.211923723010369,0.0997736669945492,0.172334968484483,0.515967641510598
0.585016494760795,0.0427759460992196,0.0138775365385098,0.358330022601476
0.0410068508241121,0.325329018373666,0.22914291796683,0.404521212835392
0.387218288417324,0.170041172857733,0.132771898123621,0.309968640601323
0.0677675371802813,0.391899962419014,0.0670660777644812,0.473266422636224
0.305454914441183,0.277550313636545,0.0327380900056502,0.384256681916621
0.431042685018221,0.0789145393264103,0.0750184476367356,0.415024328018633
0.0641067893247366,0.252527594852037,0.0466413454679493,0.636724270355277
0.330241833662659,0.350674214165007,0.0282822485788277,0.290801703593506
0.226544143218729,0.141573662916537,0.0395605288368637,0.59232166502787
0.397960725455429,0.066051855224688,0.135809284241814,0.400178135078069
0.0909789373346508,0.26039772570115,0.113910566536394,0.534712770427805
0.215987342996661,0.12373663603361,0.138781242534074,0.521494778435656
0.0537444433919226,0.226471886722272,0.0944379021216482,0.625345767764157
0.207914065824637,0.309430272199592,0.0187910906805326,0.463864571295239
0.0654554642815151,0.272400740052435,0.0318902712017047,0.630253524464346
0.216584071352205,0.168055524983432,0.0486111335736464,0.566749270090717
0.127955338079237,0.040682859491486,0.229415978164284,0.601945824264993
0.0576788555548729,0.277148719362499,0.185737278413209,0.479435146669419
0.0764903616152028,0.296882976532855,0.335640889220956,0.290985772630986
0.411852625229259,0.145405995342588,0.0713285031230187,0.371412876305134
0.376261078079972,0.305220455770171,0.0363656567542632,0.282152809395595
0.0966758488399227,0.608822786883592,0.0418307795166539,0.252670584759831
0.204574054143347,0.254959894913189,0.135286002105038,0.405180048838426
0.123546939863176,0.343320676680912,0.352955957638754,0.180176425817157
0.117068062702993,0.146676003704004,0.150410137779679,0.585845795813324
0.0914585562677356,0.436046822499003,0.327886690332304,0.144607930900957
0.0882791195378851,0.360663252188383,0.158385953383131,0.392671674890601
0.197869332973941,0.266811947290539,0.356524519441562,0.178794200293959
0.156272778717855,0.119442131354333,0.166997834698181,0.557287255229631
0.230362913635039,0.259993158258942,0.179148617808383,0.330495310297636
0.205391736076073,0.0686960373398103,0.351117927746763,0.374794298837354
0.376173168371311,0.276247617202916,0.0795019330050252,0.268077281420748
0.620588502034319,0.0563947857851462,0.0369083653471748,0.286108346833359
0.251810206226214,0.353070627664472,0.0569326051963802,0.338186560912935
0.678449077883908,0.0618489095697261,0.0499128637249461,0.20978914882142
0.100429749401777,0.3129076779973,0.306454166833958,0.280208405766965
0.316252946391891,0.123964504434137,0.116351954037206,0.443430595136767
0.0818504182655737,0.240971410729177,0.315677918351269,0.361500252653981
0.132839730928429,0.0830467855352219,0.440381201432275,0.343732282104074
0.389584325554343,0.303602238655003,0.0747270324977004,0.232086403292954
0.385084184500264,0.177312421191153,0.030814862701491,0.406788531607092
0.0423470276339526,0.0867585546532747,0.541601769320221,0.329292648392552
0.218898392968456,0.107507734395332,0.373510581111033,0.300083291525179
0.355302979851858,0.134128367811389,0.124103771910234,0.386464880426518
0.129067713186255,0.356356453932688,0.245637025062795,0.268938807818262
0.101353950774409,0.316472033412778,0.179977403487092,0.402196612325722
0.135635760278144,0.323237837721427,0.0472204196141016,0.493905982386327
0.0909628979164614,0.458744422619228,0.221899241201776,0.228393438262534
0.111449771876709,0.113178267769742,0.1347309806117,0.640640979741849
0.308099969089086,0.0954512331378395,0.239055286201485,0.35739351157159
0.166702233078855,0.0807481780430967,0.180790535741625,0.571759053136423
0.347136673976818,0.227798069498238,0.0303912108074271,0.394674045717517
0.335881007363024,0.105008377908137,0.0449658332459843,0.514144781482854
0.175502746033058,0.40171474710641,0.117696640711244,0.305085866149288
0.141395459644342,0.0861653658844831,0.101402971763965,0.671036202707209
0.45558207611638,0.121160963871669,0.0495254868543117,0.373731473157639
0.197372762284558,0.419470455342486,0.29977228206615,0.0833845003068056
0.365126451452874,0.233208710793829,0.279131238583135,0.122533599170163
0.60666778665414,0.0248111583835015,0.325282929425269,0.0432381255370892
0.189540779167436,0.473077760552032,0.123789437973351,0.213592022307181
0.160295093750837,0.624445227150129,0.125126622925707,0.0901330561733273
0.249339385663754,0.129946484218799,0.425687480001448,0.195026650115999
0.0672360478687929,0.057992989729667,0.813933517932474,0.0608374444690661
0.424569632132189,0.177490694720882,0.356075630003894,0.0418640431430338
0.277583781311558,0.399042586261533,0.291873134783417,0.031500497643493
0.299741790203988,0.259156062247815,0.374461193341431,0.066640954206766
0.319207420071884,0.191031159070933,0.453210662389097,0.0365507584680865
0.148446453266647,0.199757311572505,0.211936150647199,0.439860084513649
0.277036183450598,0.620319903624997,0.0244024769657432,0.0782414359586619
0.0878208670125737,0.258703132807418,0.57640617347816,0.0770698267018486
0.0762381737807493,0.141574645096928,0.709020425746681,0.073166755375641
0.378850907043903,0.071788687434555,0.452227847881838,0.0971325576397046
0.0341855563725744,0.627907777762691,0.252316439501697,0.0855902263630382
0.197062614546668,0.405251484668426,0.154459251750649,0.243226649034258
0.0919450817867435,0.60542238337161,0.197231960710959,0.105400574130688
0.0813080261409965,0.348461943641387,0.304901135062254,0.265328895155363
0.111445416609818,0.426796380475025,0.239698788961443,0.222059413953714
0.0290933041287331,0.550567773071792,0.293280889740952,0.127058033058523
0.0734172005566053,0.091915759935249,0.465988624167837,0.368678415340308
0.175041561804943,0.0597026072545089,0.614485528218613,0.150770302721936
0.661219567682299,0.0562060800673303,0.032137772479371,0.250436579771
0.172508906801974,0.153192481192535,0.127919251654432,0.546379360351059
0.0752607004763413,0.44658584662781,0.291486866821433,0.186666586074416
0.629052881200056,0.0394965000831928,0.0477427565114717,0.28370786220528
0.191487322046266,0.167455128356783,0.126001736247858,0.515055813349094
0.132471555893506,0.0509602718651912,0.627478586183137,0.189089586058165
0.517241169018383,0.076270477708876,0.124819204574061,0.28166914869868
0.561133361178784,0.179051216511333,0.0793833302823607,0.180432092027522
0.408038949174737,0.0890690725817449,0.37053669360933,0.132355284634188
0.137231158736366,0.346277887336292,0.0837535419688731,0.432737411958468
0.179467147128054,0.0911377464455607,0.508455675730262,0.220939430696123
0.224747551426741,0.521376497470031,0.135325314902072,0.118550636201155
0.0421168865954029,0.479171060671187,0.307019216900975,0.171692835832436
0.234113910170622,0.170200729434452,0.467812561446116,0.12787279894881
0.106591986548381,0.216206561915299,0.490921175839705,0.186280275696616
0.282950517096789,0.432223758851053,0.0612183020833137,0.223607421968845
0.253642587618865,0.53319841347342,0.125992400075235,0.0871665988324798
0.116995406891874,0.323031589048634,0.149330296036634,0.410642708022857
0.234673841778463,0.485809620086595,0.134842194289774,0.144674343845168
0.217362976613692,0.136159664592061,0.311541578555273,0.334935780238974
0.170351267352198,0.257496843340938,0.387771141656942,0.184380747649922
0.086922490181441,0.380056253749145,0.0660657051381395,0.466955550931274
0.102751543029361,0.270501093570198,0.174580203757536,0.452167159642905
0.0741606739169312,0.716058507062763,0.0475130259300239,0.162267793090282
0.265461462204526,0.379791501787729,0.119699228032944,0.235047807974801
0.148042570496936,0.52352946392261,0.148455981551254,0.179971984029201
0.0346309804761476,0.628773318239932,0.123038770107805,0.213556931176116
0.307705348460114,0.131753694436385,0.235918912734925,0.324622044368577
0.468630775268249,0.160105341863121,0.140618154425267,0.230645728443363
0.134611484954057,0.152910824227426,0.443655335641886,0.268822355176631
0.471712331761107,0.119341271266677,0.0547492633335761,0.354197133638639
0.230882532475831,0.118333452586733,0.454148886890984,0.196635128046452
0.318728741355118,0.0737516630737519,0.19684373728813,0.410675858283001
0.0529098350316941,0.768874261001137,0.0326383978609355,0.145577506106233
0.57059543856527,0.0480712602201142,0.163149008333021,0.218184292881596
0.262880940286825,0.212799184978519,0.156062274954281,0.368257599780375
0.134669152616213,0.308686470633995,0.391046373748078,0.165598003001714
0.164913474611902,0.150225309771825,0.104395036384508,0.580466179231766
0.187662023105094,0.397371557419739,0.0680530427296367,0.346913376745531
0.581997584887849,0.140815828417924,0.0993854161084396,0.177801170585788
0.247589920438033,0.146025532780283,0.137305039496685,0.469079507284999
0.0265736490042071,0.567850393958131,0.220871559946862,0.1847043970908
0.479392060636638,0.0422719867934921,0.211101074800602,0.267234877769269
0.330823983687149,0.320635722048217,0.0567148607766384,0.291825433487995
0.50947815821565,0.206768280702885,0.108649267280724,0.175104293800741
0.135278572422195,0.637612607024741,0.0844543266225288,0.142654493930535
0.505229138635371,0.0612645219613064,0.1276639624847,0.305842376918622
0.381502733976004,0.112025798232016,0.279712478497447,0.226758989294532
0.223992347438899,0.432224423233549,0.208872304321434,0.134910925006118
0.152325248748807,0.475887103835866,0.139777103400082,0.232010544015246
0.0906558761090565,0.123922935542455,0.593315238939443,0.192105949409046
0.262861546485922,0.240886994423595,0.282477407074783,0.2137740520157
0.11845657229669,0.399688575804677,0.113591858689406,0.368262993209227
0.0971992249278269,0.0668985427941069,0.21959946345989,0.616302768818177
0.0598707196242031,0.446975336939844,0.0636985467140357,0.429455396721917
0.0425268072589639,0.187210786369142,0.359562058965643,0.410700347406251
0.273113829093408,0.145014193655935,0.26116643354678,0.320705543703876
0.430339450834383,0.0775784422718196,0.255729260866852,0.236352846026945
0.291874306593492,0.233648082026355,0.288690153903275,0.185787457476878
0.149705340867359,0.0476223871773432,0.454184917775472,0.348487354179826
0.193754549524073,0.383032965071901,0.0528001244125971,0.370412360991429
0.0579007540307813,0.113414944740858,0.133631134737075,0.695053166491286
0.228857287751239,0.106593580694895,0.0995231664506949,0.565025965103172
0.171800079900996,0.107134469693004,0.16119339895724,0.559872051448761
0.321627559303557,0.101614274879546,0.0781707845428118,0.498587381274085
0.140227763961554,0.0790350470045919,0.475132152782618,0.305605036251237
0.208032861734809,0.0721576686005118,0.21244366749143,0.507365802173249
0.0394554805676446,0.524336401685242,0.0989071512100744,0.33730096653704
0.106757829531312,0.0527691801936455,0.423075402967745,0.417397587307298
0.117127308517852,0.046223705597992,0.370155008652944,0.466493977231212
0.241981022560766,0.0905473695198416,0.0979461935595235,0.569525414359869
0.376223669959645,0.140346762388854,0.197972244366858,0.285457323284644
0.0976448691726208,0.138859807754457,0.330014343174761,0.433480979898161
0.185479007900085,0.0691149764926347,0.297220670075139,0.448185345532141
0.228091300106924,0.132077390140375,0.375387626778377,0.264443682974324
0.0828799853792198,0.0640290947158123,0.35255203152436,0.500538888380608
0.100245071759393,0.355918894051646,0.295957053962208,0.247878980226754
0.0191613496638786,0.630025269450784,0.0663865379954348,0.284426842889903
0.143846473257514,0.245237983597855,0.106316772940349,0.504598770204281
0.0545481066220347,0.0542139032354572,0.547547613775678,0.34369037636683
0.185785861635107,0.504511441065149,0.0566047275308726,0.253097969768871
0.198243042953848,0.47880449449806,0.0749915871560128,0.247960875392079
0.0426173017214296,0.142372020029465,0.61806095958216,0.196949718666945
0.0537520531344794,0.227429155459814,0.509572220729323,0.209246570676384
0.0568000689532372,0.368568448161021,0.217103482603016,0.357528000282726
0.152831362256191,0.177644739274317,0.14602766298513,0.523496235484362
0.0503328710008228,0.254837516745704,0.396386571575515,0.298443040677958
0.262492677187691,0.472420425913362,0.0504276866589984,0.214659210239948
0.0607975894521464,0.405747749633917,0.240545584053383,0.292909076860553
0.368756990443223,0.107454957608331,0.328953244831844,0.194834807116603
0.270496160815054,0.377502315153414,0.161285661769711,0.190715862261822
0.211942947233171,0.111223248960131,0.524918826532375,0.151914977274323
0.109913720877152,0.26451376498659,0.335958035618243,0.289614478518015
0.334316071502994,0.0731940144200861,0.291576178855871,0.300913735221049
0.0893745041746548,0.42434077856452,0.162770108927321,0.323514608333504
0.133738553852302,0.194040310151503,0.529738232269198,0.142482903726996
0.0822797177429695,0.3161657171105,0.308051956368965,0.293502608777565
0.0598311376247107,0.0812449086609081,0.601543700872568,0.257380252841813
0.13096390246113,0.47860830045899,0.149243442399959,0.241184354679921
0.35640631428799,0.386687461263327,0.175873428625608,0.0810327958230748
0.259260591048249,0.246083745003143,0.290299024238757,0.20435663970985
0.157693385523036,0.606606799685789,0.0523377743550951,0.18336204043608
0.457829555196907,0.316745513230098,0.104153742520467,0.121271189052528
0.187367338871082,0.50977060503465,0.0686597960485135,0.234202260045756
0.058092017638844,0.442597955616764,0.346548292902417,0.152761733841975
0.191715453189041,0.518113103090399,0.0821367383775858,0.208034705342974
0.22760167456601,0.277277288670747,0.139802500076422,0.355318536686821
0.196488782305632,0.55660501700299,0.143022595297337,0.103883605394041
0.353660276666933,0.159301082332796,0.315898699932894,0.171139941067377
0.196207322522296,0.508410073088857,0.0726599355316115,0.222722668857236
0.139513115705183,0.120592217844544,0.174677221285992,0.565217445164282
0.280030281397466,0.0716977135995551,0.526856157492094,0.121415847510884
0.0574530694063372,0.274917087904505,0.187503031389752,0.480126811299406
0.203525985910733,0.121266645636703,0.534348301859383,0.140859066593181
0.185830885617414,0.188465352301102,0.159882963000891,0.465820799080593
0.28484064851472,0.346342313397183,0.155582188438333,0.213234849649764
0.127267144934226,0.158319001194306,0.534252803867651,0.180161050003817
0.346299492081137,0.098237221752247,0.142584658072581,0.412878628094035
0.0406975180700994,0.562867898417315,0.123704012146076,0.27273057136651
0.63888278359613,0.117609889712127,0.0469384731801982,0.196568853511545
0.0529701871643709,0.312479150689956,0.208168506305202,0.426382155840471
0.47483649097448,0.0551622773434714,0.226058510715731,0.243942720966318
0.311917353164473,0.13442717192878,0.115034668409601,0.438620806497145
0.127528166883271,0.195477256281503,0.519130043642091,0.157864533193136
0.0823560900306032,0.4465504872604,0.189050249831842,0.282043172877155
0.583006823269137,0.121494921249995,0.0879547199293129,0.207543535551555
0.104420054435551,0.12560687490827,0.180374484306819,0.589598586349359
0.361758800212494,0.40195600352474,0.0870677552990898,0.149217440963675
0.431885891372324,0.278155399935402,0.136564239835157,0.153394468857118
0.691974018288666,0.0989107314314021,0.138875519471946,0.070239730807986
0.441587991114502,0.304838352508341,0.189185563243817,0.0643880931333391
0.154855007961412,0.546725882717899,0.233803417935599,0.0646156913850895
0.150087090072544,0.125633930325922,0.587032883894097,0.137246095707438
0.114738079776482,0.433327263253944,0.321869016303338,0.130065640666236
0.176731851007164,0.0883418389164271,0.697661316132334,0.0372649939440749
0.377779511822827,0.168490455399458,0.387974927568003,0.0657551052097118
0.0301043075712296,0.38441325457172,0.540249100396335,0.045233337460715
0.170789410658601,0.326390072060289,0.423330224198168,0.0794902930829421
0.411094400206656,0.0782651867898283,0.421449476040738,0.0891909369627774
0.55959428793924,0.122771091949966,0.238667832421145,0.078966787689649
0.420876003939448,0.198243829391399,0.299847579401636,0.0810325872675163
0.19044538600338,0.619331848441284,0.0604565327877361,0.1297662327676
0.143809029390938,0.100483001169338,0.700427328353968,0.0552806410857554
0.381179901804723,0.0546878316034442,0.494918219037432,0.0692140475544002
0.45656716842295,0.175357036185226,0.156545930446153,0.211529864945671
0.0669522576194923,0.388560625771154,0.464902588772054,0.079584527837299
0.182057597539849,0.560856682166999,0.205029987180064,0.0520557331130884
0.087068324476066,0.0746659384620017,0.594136518271529,0.244129218790404
0.193720558809628,0.12200272236712,0.165807540892058,0.518469177931194
0.0422833281090542,0.212499331591109,0.502268357083828,0.24294898321601
0.149478922712896,0.330641653631502,0.106263017426581,0.413616406229021
0.214293170962525,0.254174168930853,0.0978358116490736,0.433696848457549
0.17181768258095,0.185344787068473,0.17234632749048,0.470491202860097
0.321733237285378,0.367883176773462,0.050063364800776,0.260320221140384
0.0568835069962391,0.378323036180291,0.211810899674898,0.352982557148573
0.0601516560949469,0.199887680822721,0.448646695462376,0.291313967619956
0.101425621271264,0.0804005293088847,0.461958406945684,0.356215442474167
0.0821184227773544,0.123842765619107,0.469905083752817,0.324133727850722
0.276770468150251,0.0587522069148367,0.442679055995365,0.221798268939548
0.117553546845051,0.503037606301164,0.0934763256266222,0.285932521227162
0.0460390810122501,0.55141692671898,0.11416162621458,0.28838236605419
0.0348845610995309,0.336120127383881,0.485681218440566,0.143314093076023
0.206816160638579,0.43005711915028,0.230271201327001,0.13285551888414
0.23467619505348,0.154040312440436,0.432577551410016,0.178705941096068
0.0871283708402261,0.238505528089882,0.410874578119891,0.263491522950002
0.329407936020317,0.104503038168547,0.201232369068751,0.364856656742384
0.161603739831539,0.073218124474426,0.097731315255495,0.66744682043854
0.186436262389817,0.307927259861145,0.102497410802491,0.403139066946546
0.239759770588001,0.343456875868466,0.102025665136986,0.314757688406546
0.0769144216477107,0.155236064223433,0.16592692127474,0.601922592854116
0.219700780228801,0.0505772354269666,0.43914692627764,0.290575058066592
0.112140013458177,0.0836017326975748,0.132647764589528,0.671610489254721
0.106036193447571,0.233547718636177,0.202155484475076,0.458260603441176
0.17290228200637,0.253553620008818,0.318178365450143,0.255365732534668
0.231172822756599,0.331775851275628,0.210019494934437,0.227031831033336
0.270232447825586,0.040431425962457,0.448936365107771,0.240399761104186
0.41929814301689,0.039743219750366,0.102552208022489,0.438406429210255
0.0522089414050894,0.171674151230036,0.13646246204538,0.639654445319495
0.0279537658870411,0.393988897185571,0.251377227074491,0.326680109852897
0.140405788291938,0.065282116255046,0.155438304373612,0.638873791079404
0.16104996579436,0.0649554165300736,0.125342866270242,0.648651751405324
0.0754054778855966,0.0512321543309039,0.566867916934217,0.306494450849283
0.220717205345211,0.129582600819848,0.0543146103452272,0.595385583489714
0.160766570875813,0.293215807607396,0.05123381386727,0.494783807649521
0.155826770139225,0.138176709303262,0.10536266061366,0.600633859943853
0.0825177964886523,0.180065675492303,0.140541032035727,0.596875495983318
0.309984813701567,0.0779525087135497,0.0295517077029187,0.582510969881964
0.219372207491358,0.306394346551541,0.0400369272285951,0.434196518728506
0.281555263770106,0.331177287604318,0.0217587046944514,0.365508743931125
0.187618047835174,0.343665474345274,0.0177923850512177,0.450924092768334
0.0652009852490644,0.418502359364561,0.0170033422219401,0.499293313164435
0.0526053481129852,0.0425785759121496,0.278585516844623,0.626230559130243
0.163322958150711,0.449163101915913,0.0328166666692448,0.354697273264131
0.174756498433215,0.224917787394878,0.247486435833289,0.352839278338618
0.0611923225158915,0.276333147249933,0.0678133493106926,0.594661180923483
0.0821142202575272,0.42662424966008,0.0751113951836021,0.416150134898791
0.245914099867761,0.0625668279491968,0.0791401991633593,0.612378873019683
0.347779431464849,0.163932360722034,0.0601044538708619,0.428183753942255
0.0352980719437801,0.538033067453465,0.0238115802052114,0.402857280397543
0.0621822920960468,0.0752462180902157,0.267840736851471,0.594730752962267
0.0596661908920587,0.0485161542591446,0.375949315166074,0.515868339682723
0.148202317483666,0.076681874318326,0.317009613938842,0.458106194259166
0.0238974222425495,0.354590619535825,0.127984407653639,0.493527550567986
0.116481222272464,0.353625164321069,0.0301107877993332,0.499782825607134
0.441337512198847,0.143612013587846,0.160721572426494,0.254328901786813
0.190329324794686,0.0718942822421525,0.235663003329715,0.502113389633447
0.0787217484243563,0.30387724972608,0.330411479147056,0.286989522702508
0.216297036588769,0.418239000892837,0.11166218071797,0.253801781800424
0.387021460431254,0.262861294499345,0.189495437373571,0.160621807695829
0.0502438178784892,0.296766660493512,0.450533336380775,0.202456185247223
0.131652323680719,0.239585008500285,0.146716719786147,0.48204594803285
0.427570709331577,0.133150668705768,0.186050322444497,0.253228299518159
0.0506857120619569,0.209908855274055,0.334947752616199,0.404457680047789
0.506937553689543,0.170862427943526,0.166798596648934,0.155401421717996
0.178013582736527,0.155230851505766,0.464399724951495,0.202355840806212
0.0839996556619105,0.384259110435813,0.315856051843715,0.215885182058562
0.178669626267607,0.497462716890299,0.161292366959455,0.162575289882639
0.144333541749039,0.536319829978551,0.0826799572870985,0.236666670985311
0.330924002497036,0.0804111074493046,0.0742810044300184,0.514383885623641
0.126763600769669,0.124694267016633,0.426417003794071,0.322125128419626
0.434030176729228,0.292641822478876,0.179488858418505,0.09383914237339
0.0995554222984174,0.0672802887282863,0.43737350693804,0.395790782035257
0.317942691654499,0.0545021841318605,0.408762238428372,0.218792885785268
0.362990014115533,0.29474492128714,0.204239047354657,0.138026017242669
0.392135677041738,0.0822029229823757,0.0891170585453758,0.436544341430511
0.133337601223396,0.347817871183249,0.260945963003901,0.257898564589454
0.118301002260221,0.395292164294955,0.257191619010024,0.2292152144348
0.126623016962334,0.0797734053260963,0.578387816007783,0.215215761703786
0.357647601975579,0.235230446289027,0.116988481577234,0.29013347015816
0.226665627396361,0.418502652283454,0.0756214765889922,0.279210243731193
0.291288789721367,0.357684622057614,0.0656183044384351,0.285408283782584
0.460332702171344,0.11380908888813,0.240393086696964,0.185465122243562
0.238081812762414,0.545514106053016,0.0420155444957684,0.174388536688802
0.202377830474671,0.08371271905059,0.294907591162777,0.419001859311962
0.284541334778692,0.399389229801019,0.033402158912336,0.282667276507953
0.107919364430183,0.13129736334544,0.204431821742213,0.556351450482164
0.0341434842802913,0.346241047690092,0.377314123418878,0.24230134461074
0.0504540204860015,0.364548315557481,0.267391294853852,0.317606369102665
0.177335367251027,0.086985830183662,0.267208298347795,0.468470504217516
0.601144938622878,0.0494931834359221,0.123644796275551,0.225717081665649
0.219810347829393,0.162253999374467,0.0720453028131957,0.545890349982945
0.0535813064658589,0.412234642770661,0.186526675482787,0.347657375280694
0.098121270395383,0.271916867454167,0.186774281283979,0.443187580866471
0.0505863351856954,0.0580559485200136,0.204634821053927,0.686722895240364
0.480307979426586,0.0869049487372431,0.0396355582837156,0.393151513552456
0.368411392323904,0.282257449426635,0.0369870275152536,0.312344130734208
0.0499071653625021,0.455487377461466,0.198898369367429,0.295707087808603
0.391789476934967,0.0582100098045748,0.335158260919051,0.214842252341407
0.170069210406419,0.17683442238567,0.219329957049058,0.433766410158853
0.31946386859137,0.0550093326690651,0.196456535531017,0.429070263208548
0.0368596826773806,0.406921320302047,0.0837153009567015,0.472503696063871
0.0316131879322928,0.641428193271271,0.0268105795875305,0.300148039208906
0.051336391415497,0.0507655160619386,0.477185046842433,0.420713045680131
0.220613359661781,0.0423764275384586,0.0762769271823926,0.660733285617368
0.10359833070403,0.407686290157538,0.0982870574832142,0.390428321655218
0.151978594399713,0.251405157415476,0.0810009946756302,0.515615253509181
0.242040068751448,0.165465027515242,0.136904852484375,0.455590051248934
0.225197238907378,0.0721819479089901,0.129866414082567,0.572754399101065
0.152230818752367,0.0662411854496853,0.293691786348761,0.487836209449187
0.0907945632815706,0.184343327085344,0.387138873454573,0.337723236178513
0.132280810265617,0.283304152834504,0.128908479192293,0.455506557707586
0.545918440587849,0.0906568724954088,0.136604575843219,0.226820111073523
0.49638721127914,0.248876964330733,0.117707405681142,0.137028418708985
0.121450902350655,0.6028152900829,0.170673487160263,0.105060320406181
0.0676696186190074,0.200042678649531,0.480743154439081,0.25154454829238
0.0655221765113089,0.352266672371282,0.420418339304243,0.161792811813167
0.0697780701142062,0.391933510870388,0.263125698935568,0.275162720079838
0.64259597222643,0.0546913187975818,0.178504948213551,0.124207760762437
0.575388661186514,0.167618964090556,0.0880666268790158,0.168925747843915
0.251393291468526,0.310789722793968,0.137362833776556,0.30045415196095
0.0533181094276975,0.611555273538187,0.119527736428253,0.215598880605863
0.211135159803679,0.103022450647493,0.200628752220318,0.48521363732851
0.246891135689656,0.189027844905644,0.463069322497609,0.101011696907091
0.119427802075723,0.694418420151265,0.0665336427737186,0.119620134999294
0.521281724124892,0.138355803588772,0.0443885710677524,0.295973901218583
0.574410526714781,0.111469680626166,0.1259388130489,0.188180979610153
0.128721429240569,0.0466383027520978,0.67208007345534,0.152560194551993
0.172429985659214,0.0706105962106764,0.467347285249932,0.289612132880177
0.0659725870870148,0.127584399512828,0.623198168762159,0.183244844637998
0.364343386779665,0.37536789135945,0.122341525331884,0.137947196529001
0.432714252977656,0.292306892915068,0.0634423503931397,0.211536503714136
0.293929741895149,0.0943274982428838,0.129898454114484,0.481844305747483
0.102213379398138,0.124627043003715,0.496532755648343,0.276626821949805
0.447321409200326,0.237250536301698,0.0686200269318151,0.246808027566161
0.147959681589082,0.0963927415615121,0.327228080568964,0.428419496280441
0.211320254384293,0.150650206329597,0.109010421900652,0.529019117385459
0.227349827209355,0.0773209883491544,0.198497482639889,0.496831701801601
0.566602220040194,0.0263711023065536,0.274256900653125,0.132769777000127
0.102575772091854,0.3361352841915,0.0911361684417579,0.470152775274888
0.145937688598954,0.247167656773275,0.0719138801324673,0.534980774495303
0.124195266363395,0.336404223545183,0.324311291655597,0.215089218435826
0.380182377944251,0.098660284443911,0.243671102703902,0.277486234907936
0.477092509987726,0.0581434025007466,0.32604277802642,0.138721309485107
0.145292618429096,0.125588528293171,0.304508214648848,0.424610638628886
0.397458368970503,0.0571626675857978,0.329310247333301,0.216068716110398
0.0710788072608793,0.0686103816220452,0.495093128190367,0.365217682926708
0.138728936128638,0.112569878198573,0.330363509668217,0.418337676004572
0.110295422990293,0.103869835426957,0.477552020148479,0.308282721434271
0.362628276925202,0.0448907601835371,0.105734854277896,0.486746108613365
0.456698370658445,0.0324155266177001,0.40794560863596,0.102940494087895
0.160601795017756,0.650956267359113,0.0752253424084898,0.113216595214641
0.25881840717097,0.0929581908139043,0.366018501489342,0.282204900525784
0.346045463659751,0.457095260812899,0.0227603798480076,0.174098895679343
0.0746885172940068,0.112968565088514,0.654480737852151,0.157862179765328
0.269041747753048,0.339026576374002,0.174153074359647,0.217778601513302
0.180473573604617,0.262029966811489,0.391516160638565,0.165980298945329
0.442546942752286,0.287376283193907,0.0411933348557176,0.22888343919809
0.336875117648832,0.410128760983989,0.123978228196225,0.129017893170954
0.498362329113392,0.0803230772300214,0.151121556190937,0.27019303746565
0.2768287557055,0.301432508967757,0.311387948702363,0.110350786624379
0.343377363918301,0.0428545024382614,0.500256148473443,0.113511985169994
0.0893747547883865,0.164875501030826,0.532396801887791,0.213352942292996
0.439534530610369,0.082057755255984,0.304382918529926,0.174024795603721
0.131333123525253,0.170041716943349,0.344407119440518,0.354218040090879
0.133683527647479,0.398705637119871,0.123173321617104,0.344437513615547
0.658569357017024,0.199233427888793,0.0564248813066647,0.085772333787518
0.45343873554112,0.0642779690950085,0.289423668398384,0.192859626965488
0.480838020926239,0.158489082151585,0.0803089701637069,0.28036392675847
0.639172909594747,0.196843489553837,0.102675552388526,0.0613080484628897
0.224300044783342,0.195681409079973,0.443596065025919,0.136422481110767
0.295450859498844,0.420190676366623,0.247257735363026,0.0371007287715061
0.426583251876126,0.247664638302572,0.272379150077275,0.0533729597440275
0.0649403093713168,0.0473247033144559,0.820319278658219,0.0674157086560085
0.670479536642021,0.129622808684523,0.110236693303166,0.0896609613702901
0.100031864644053,0.0827310779707244,0.706365225722852,0.11087183166237
0.548391350045398,0.103989107164255,0.175219956412939,0.172399586377408
0.117600394764373,0.316806468511949,0.467151648954704,0.098441487768974
0.150659486015994,0.720361494243053,0.0777917817970882,0.0511872379438654
0.642085211364777,0.193494876602506,0.0621554360135977,0.102264476019119
0.246694782251461,0.374739544855931,0.352442982210462,0.0261226906821457
0.587784355281928,0.0462131595208183,0.305573495304105,0.060428989893149
0.501528194453033,0.410446349801408,0.0439092564623104,0.0441161992832486
0.527186502409334,0.145763667532297,0.223104276257505,0.103945553800865
0.207410155749949,0.0605555629734205,0.690168282243926,0.0418659990327044
0.430166777143967,0.0547081701238528,0.464785698717704,0.0503393540144766
0.0658940282286014,0.595894585331703,0.258329820566021,0.0798815658736744
0.447127328452434,0.281164048650511,0.109372005377938,0.162336617519117
0.184016723749493,0.246514105699926,0.432387153907731,0.13708201664285
0.197862269640223,0.220869983481432,0.0643233401854268,0.516944406692918
0.127048973114066,0.165558913279363,0.0891102595726331,0.618281854033938
0.125195410068744,0.33398181470783,0.0653347927519988,0.475487982471428
0.159446454226054,0.454448119323833,0.0658747092598149,0.320230717190298
0.033156918213531,0.0751433624571177,0.566387467835051,0.325312251494301
0.104066118017406,0.304568774347076,0.409563373224676,0.181801734410842
0.502668270958799,0.182441800845782,0.0961008455910174,0.218789082604401
0.624698006890694,0.0817140169352529,0.0699270584115421,0.223660917762511
0.0921743493322828,0.156842305391769,0.0652881057459475,0.685695239530001
0.207591809228197,0.3792326321332,0.0591717363126296,0.354003822325974
0.0770756475429997,0.236601486854727,0.349664419468538,0.336658446133736
0.135546401685131,0.281922570582467,0.120124478698325,0.462406549034077
0.483216162392979,0.0495319566150706,0.254050967053316,0.213200913938635
0.149723144865268,0.171207143592479,0.305764120895305,0.373305590646948
0.371795000233506,0.227722046751788,0.11741519810378,0.283067754910926
0.29272081566615,0.29391620431247,0.0799009589419756,0.333462021079405
0.30399779132206,0.0676002246254618,0.181840992205719,0.44656099184676
0.120220626282941,0.633914521680089,0.0360301269051724,0.209834725131797
0.257481484387813,0.422038657885024,0.097236372751195,0.223243484975968
0.230005358410025,0.310757236525309,0.12177315036469,0.337464254699976
0.160775840827162,0.0641296255383112,0.0957069831265199,0.679387550508007
0.0628891940821068,0.206639603963904,0.186142477260823,0.544328724693165
0.271182406735545,0.372127211797363,0.0545295538272062,0.302160827639885
0.301999805793666,0.0826105494917251,0.0493625872766033,0.566027057438006
0.0813990404563707,0.406847089240401,0.157527168378129,0.354226701925099
0.301425185477222,0.0509916504854887,0.2909215344455,0.356661629591789
0.109834772577482,0.357862979192362,0.288225068564448,0.244077179665707
0.3906871952459,0.100421725864659,0.220060868393696,0.288830210495745
0.0835567589370486,0.125552201759761,0.41688752792972,0.374003511373471
0.386061770272345,0.229159917341654,0.0602522193777989,0.324526093008202
0.184564901218887,0.256413013104768,0.0907699157957874,0.468252169880558
0.504434976138257,0.125087120031334,0.0472456422816869,0.323232261548722
0.175089948385151,0.123418269385873,0.0931097537336237,0.608382028495353
0.442574977343735,0.0828851750282957,0.153228683879334,0.321311163748635
0.0844698519894707,0.0577113945905193,0.210871924728564,0.646946828691446
0.0463403887159226,0.17869332487806,0.0843457170835076,0.69062056932251
0.246366255491834,0.114937395295954,0.225346940224561,0.413349408987651
0.493017175674336,0.0460988492730145,0.081527472019961,0.379356503032689
0.277244265551244,0.174580579932676,0.122410059229179,0.425765095286901
0.513523035929705,0.102500716823663,0.179295758085648,0.204680489160984
0.12925524058241,0.496184736861274,0.122033779007919,0.252526243548398
0.0931950094453936,0.521261738129774,0.191215449301296,0.194327803123537
0.299032832517871,0.250126627584174,0.10511307314003,0.345727466757925
0.0830326096677385,0.389392548106254,0.26447743057308,0.263097411652928
0.182721012401393,0.0903646737501563,0.130502690758545,0.596411623089906
0.525958395021113,0.0723692721030555,0.0640673113892972,0.337605021486534
0.149812411224456,0.224034923775474,0.131021167836273,0.495131497163797
0.136799961863024,0.183687226675261,0.378543818824711,0.300968992637004
0.121994632743009,0.0386275005984412,0.502729668977053,0.336648197681496
0.547952143155892,0.0578713063123344,0.0711042482841532,0.323072302247621
0.423838473438075,0.115943713226114,0.14855826045855,0.31165955287726
0.11376719147489,0.491363132358735,0.153985285227919,0.240884390938455
0.18161592922627,0.596768511311062,0.0746159337163284,0.14699962574634
0.0840162601633938,0.33261441613197,0.0809563446482786,0.502412979056358
0.135187488323577,0.456477533027287,0.178680864543843,0.229654114105293
0.154924612877733,0.143254246713537,0.348662504344731,0.353158636063998
0.421882675942454,0.334993844187711,0.0857948944791537,0.157328585390682
0.232205951860595,0.116276797121275,0.324716202327172,0.326801048690958
0.501686484279706,0.11517149682893,0.190547548178568,0.192594470712796
0.288161554451806,0.409438802162087,0.10938348826269,0.193016155123417
0.257642405110473,0.19125683155723,0.220136443035931,0.330964320296366
0.346010102668417,0.191192821790994,0.177668532273538,0.28512854326705
0.452474615997884,0.208062274839157,0.191604381220619,0.147858727942339
0.0916888661143048,0.150119367539161,0.253766540437977,0.504425225908557
0.109644338477691,0.218069844310899,0.525053417619322,0.147232399592088
0.0508317595551323,0.456156555550774,0.295827320597103,0.19718436429699
0.165067063370033,0.33714425043183,0.129419549883954,0.368369136314184
0.0481716206603207,0.143824602583731,0.595829499148327,0.212174277607621
0.0556400368459844,0.348012623523384,0.399415639855506,0.196931699775126
0.231859694486713,0.147431265189814,0.398992947462503,0.22171609286097
0.167740164481684,0.298350703150016,0.127976478146679,0.405932654221621
0.521046353000957,0.107805474789323,0.21621717925467,0.154930992955049
0.178034828880018,0.0846618038600311,0.409023697578107,0.328279669681843
0.503212050900269,0.253058844971451,0.0572626840162906,0.186466420111989
0.215343639035678,0.201280089167018,0.252810352039756,0.330565919757548
0.450520361183531,0.329491629767996,0.118404758747334,0.101583250301139
0.0927092340479742,0.4771143550112,0.348683804022405,0.0814926069184211
0.290141986501148,0.239737598259003,0.40280679994678,0.067313615293069
0.403275613139561,0.334348754984384,0.134165039402174,0.128210592473881
0.110518803103977,0.645572886652732,0.106029565710125,0.137878744533165
0.793493932446377,0.0455261735168179,0.0789341156716638,0.0820457783651411
0.263661204770161,0.269870702603359,0.348510254713907,0.117957837912573
0.54797438097815,0.180126545092162,0.11629355726793,0.155605516661759
0.321311541672139,0.586691224605604,0.03819760030125,0.053799633421007
0.632803810818748,0.203784216514068,0.0702551148360598,0.0931568578311243
0.515085664039431,0.188196781033224,0.23030854656994,0.0664090083574055
0.610948628091217,0.159014999422621,0.172264683195118,0.057771689291044
0.262576152316753,0.552261265937996,0.102075179899875,0.0830874018453766
0.0692881115223389,0.235914086661866,0.629771392311536,0.0650264095042593
0.23890569860551,0.446937052434589,0.26868143566159,0.0454758132983107
0.399668611403248,0.0916642390178057,0.43260264741739,0.0760645021615565
0.0931689858427219,0.751751005943302,0.0856505515944147,0.0694294566195613
0.52357799525867,0.332661825793494,0.0542050876233892,0.0895550913244463
0.124708340383542,0.402646951605171,0.367427691577703,0.105217016433584
0.463745969497976,0.215927931508954,0.0642290727698677,0.256097026223202
0.109634512083538,0.498965662637822,0.235050855806098,0.156348969472543
0.0632087331374472,0.498152012145235,0.0809000569855162,0.357739197731802
0.0661703661672789,0.313929704317707,0.0905987743885473,0.529301155126467
0.403989011900914,0.121857358188349,0.178409633383777,0.29574399652696
0.306079221377702,0.11169372711608,0.209435011005587,0.37279204050063
0.197407729180343,0.472785099121208,0.0648745780396778,0.26493259365877
0.447220855154319,0.189474752031159,0.0368987142167695,0.326405678597753
0.166502972996421,0.205371300342065,0.30677091152137,0.321354815140144
0.128302758310345,0.528143330402338,0.0659171982576686,0.277636713029648
0.0748566337287828,0.597508111309578,0.102184686328596,0.225450568633043
0.105725599131683,0.34258107801638,0.132653810407101,0.419039512444836
0.213078062404537,0.233239544913064,0.154674306576258,0.399008086106141
0.388950708446694,0.231468128047533,0.160303374891994,0.219277788613779
0.0347916836352835,0.555936889254549,0.0804088601619695,0.328862566948199
0.0687271874128764,0.444058034261444,0.0557409336769397,0.431473844648739
0.0550198089545601,0.358651284420737,0.270888675961781,0.315440230662921
0.14919438542947,0.565007037029696,0.0632896183364267,0.222508959204408
0.194385144436951,0.211845932941304,0.341545554283792,0.252223368337953
0.429890813026414,0.0345593162878673,0.294641924502031,0.240907946183688
0.14115800018845,0.320857261901075,0.243482403063726,0.294502334846749
0.0868717807382559,0.356460796854141,0.0824265273260708,0.474240895081532
0.377406400475582,0.190771908291289,0.104623408027305,0.327198283205824
0.199778957235184,0.461794019172582,0.072947921693846,0.265479101898388
0.0673894527248218,0.254858324013721,0.0868692785059169,0.59088294475554
0.0845108389908779,0.598308808227597,0.145037860744574,0.172142492036952
0.239345741487188,0.201259768209517,0.254323392264621,0.305071098038674
0.106426675314217,0.401743694968348,0.189937489597179,0.301892140120256
0.22869005262355,0.05176429721782,0.452376111001942,0.267169539156688
0.372995571089667,0.212283333848429,0.0621827106537164,0.352538384408188
0.314761370325699,0.179133436824949,0.219185991018181,0.286919201831171
0.298899490312322,0.398090214545572,0.150308223782607,0.152702071359499
0.0639535408878011,0.312656109422393,0.414314934822421,0.209075414867386
0.120442083630753,0.0944619963373672,0.33445835060181,0.45063756943007
0.209233452433936,0.435903957232613,0.157529350796249,0.197333239537201
0.581059925889012,0.152155208421718,0.0274371323854473,0.239347733303823
0.0599260458477844,0.412774156118682,0.10520950437952,0.422090293654014
0.0825536815136713,0.452845738690895,0.265979758730545,0.198620821064889
0.207926505669014,0.425648717467336,0.026643983344529,0.339780793519121
