"","Ch1","Ch2","Ch3","Ch4"
"1.Ch1",0.327179110997165,0.0616975702513284,0.116877169727263,0.494246149024244
"2.Ch1",0.383803501593008,0.023564133288039,0.0128477875943564,0.579784577524597
"3.Ch1",0.27879615448776,0.196858580376992,0.103187797904591,0.421157467230657
"4.Ch1",0.270123082903412,0.187535756453911,0.134285484103091,0.408055676539585
"5.Ch1",0.295116883726049,0.193062178853302,0.066008908501422,0.445812028919227
"6.Ch1",0.337594813642091,0.131963778253546,0.0204609999278551,0.509980408176508
"7.Ch1",0.360040636033807,0.0552077737939376,0.0408638789134207,0.543887711258835
"8.Ch1",0.341118701765583,0.130333117687479,0.0132444859010715,0.515303694645866
"9.Ch1",0.307715764298381,0.211354384817962,0.0160855916184476,0.464844259265209
"10.Ch1",0.352695209956299,0.094930458111827,0.0195828319827563,0.532791499949117
"11.Ch1",0.334953759901779,0.0512875683331731,0.107767915117751,0.505990756647297
"12.Ch1",0.339601382100872,0.104377109782203,0.0430099200754107,0.513011588041515
"13.Ch1",0.345887339521978,0.0589206105022781,0.0726847143639038,0.52250733561184
"14.Ch1",0.343032322117247,0.0978028526701769,0.0409703607781927,0.518194464434383
"15.Ch1",0.309589791886467,0.210240697190997,0.0124942918330454,0.46767521908949
"16.Ch1",0.313759622076365,0.197357585250673,0.014908508502083,0.473974284170879
"17.Ch1",0.369983497987942,0.0538713202899117,0.0172374980202847,0.558907683701861
"18.Ch1",0.337734676715697,0.0154849756565128,0.136588658280827,0.510191689346963
"19.Ch1",0.280646104086614,0.115310433089483,0.18009140867009,0.423952054153813
"20.Ch1",0.48868537206039,0.174782722490197,0.171500731448114,0.1650311740013
"21.Ch1",0.631607313407672,0.106340165179415,0.048755986671141,0.213296534741772
"22.Ch1",0.553353880653392,0.229466838194602,0.0303092707455571,0.186870010406449
"23.Ch1",0.486822080474741,0.31595603468588,0.0328199525045316,0.164401932334847
"24.Ch1",0.549226745686582,0.180468467101028,0.0848285282210139,0.185476258991376
"25.Ch1",0.396291436016427,0.203206991654464,0.26667223207955,0.133829340249558
"26.Ch1",0.65562021273274,0.0745149873740179,0.0484590046878656,0.221405795205377
"27.Ch1",0.377174429936618,0.251675093769475,0.243777032081177,0.127373444212729
"28.Ch1",0.539289073220647,0.202165089235599,0.0764255737338565,0.182120263809898
"29.Ch1",0.363086856193374,0.175108901083827,0.339188233388619,0.122616009334179
"30.Ch1",0.644255797383394,0.0605500807160901,0.0776261391490579,0.217567982751458
"31.Ch1",0.577028091351561,0.13163315190585,0.096473862493801,0.194864894248788
"32.Ch1",0.564160355573878,0.0439450898994913,0.201375150573934,0.190519403952698
"33.Ch1",0.579867960182259,0.175374047526205,0.0489340619963779,0.195823930295158
"34.Ch1",0.680570593553264,0.05034494064357,0.0392528185588185,0.229831647244348
"35.Ch1",0.570368309064749,0.1930379387637,0.0439778953448406,0.19261585682671
"36.Ch1",0.642248419469894,0.0753287035241278,0.0655327945000958,0.216890082505882
"37.Ch1",0.432340653031963,0.23545675419969,0.186199275260542,0.146003317507806
"38.Ch1",0.681034776792253,0.0328489766037912,0.0561278426624324,0.229988403941523
"39.Ch1",0.370830952884335,0.0779201549346915,0.254686500361156,0.296562391819817
"40.Ch1",0.362893858489125,0.0409729745400394,0.305918259576562,0.290214907394273
"41.Ch1",0.405288088515549,0.195386214429841,0.0752071088639909,0.32411858819062
"42.Ch1",0.475447575615301,0.112629316285336,0.0316962982478501,0.380226809851512
"43.Ch1",0.376773863473455,0.0327503469747985,0.289160709842818,0.301315079708928
"44.Ch1",0.332885587621591,0.0592498492254033,0.34164798845894,0.266216574694066
"45.Ch1",0.492112265405504,0.0571355728774328,0.0571982004379855,0.393553961279078
"46.Ch1",0.346444850156185,0.157602622375965,0.218892285875714,0.277060241592137
"47.Ch1",0.44982276738005,0.1061864407104,0.0842567547380474,0.359734037171502
"48.Ch1",0.42526989443956,0.198934336418967,0.0356972523294347,0.340098516812038
"49.Ch1",0.307501292514873,0.24929811798966,0.197284443373922,0.245916146121545
"50.Ch1",0.490338481819407,0.043867868553205,0.0736582255517778,0.39213542407561
"51.Ch1",0.447453705675413,0.0527366877778088,0.141970164742873,0.357839441803906
"52.Ch1",0.500511579352264,0.0256546358659192,0.073562691034906,0.40027109374691
"53.Ch1",0.455102858324746,0.146421585454574,0.03451890389959,0.363956652321089
"54.Ch1",0.521104412426576,0.031098551244301,0.0310573609188883,0.416739675410235
"55.Ch1",0.351394883640841,0.268244457889145,0.0993417565816414,0.281018901888372
"56.Ch1",0.510368170787369,0.0357151013162571,0.0457630819826361,0.408153645913738
"57.Ch1",0.48928330230386,0.0722348963101677,0.047190229633087,0.391291571752885
"58.Ch1",0.640044985227438,0.158070108478029,0.104297520430491,0.0975873858640424
"59.Ch1",0.716573674126834,0.0816508568399837,0.0925197866186394,0.109255682414543
"60.Ch1",0.688222876169659,0.0341832250681161,0.172660850418187,0.104933048344038
"61.Ch1",0.742413507893427,0.11932870632665,0.0250623149338717,0.11319547084605
"62.Ch1",0.663062618666366,0.210544994558525,0.0252955121596104,0.101096874615499
"63.Ch1",0.728563612717106,0.039700121191614,0.120652482854606,0.111083783236674
"64.Ch1",0.590284048606013,0.0336620292347018,0.286053565074643,0.0900003570846425
"65.Ch1",0.535069673044887,0.180619192760764,0.202729289397887,0.0815818447964616
"66.Ch1",0.495693038766109,0.272964540133891,0.155764314934543,0.0755781061654575
"67.Ch1",0.545119442144142,0.169355869426115,0.202410559625799,0.0831141288039444
"68.Ch1",0.492359243018053,0.190388626731269,0.242182326500779,0.0750698037498987
"69.Ch1",0.809394831564703,0.042409824429661,0.0247872593126536,0.123408084692982
"70.Ch1",0.549366812016058,0.352002961463208,0.0148685030442836,0.0837617234764511
"71.Ch1",0.563630706126811,0.14207765152563,0.208355109020803,0.0859365333267546
"72.Ch1",0.594795697703406,0.0871863077609594,0.227329748237714,0.0906882462979203
"73.Ch1",0.704281181818369,0.0320361293452224,0.156301237480344,0.107381451356064
"74.Ch1",0.527940149536986,0.325441663062167,0.0661233780122874,0.0804948093885596
"75.Ch1",0.739952399114963,0.12341398928701,0.0238133849575575,0.11282022664047
"76.Ch1",0.637034567445137,0.18473643521801,0.081100608587879,0.097128388748974
"77.Ch1",0.563263930472128,0.18521088671737,0.127095756703435,0.124429426107067
"78.Ch1",0.526218619750381,0.252536410750306,0.10499914348395,0.116245826015363
"79.Ch1",0.41714357674192,0.324393299177981,0.166312831738923,0.0921502923411756
"80.Ch1",0.646208120683238,0.0336941270486946,0.177345303101043,0.142752449167025
"81.Ch1",0.521052732035318,0.0357293385179503,0.328113288600425,0.115104640846307
"82.Ch1",0.755371408741317,0.0459752493411125,0.0317858650518222,0.166867476865749
"83.Ch1",0.763487371163276,0.0346856463660908,0.0331666257632368,0.168660356707396
"84.Ch1",0.48472110142822,0.266731248748872,0.141468951525746,0.107078698297162
"85.Ch1",0.763319930199935,0.0369976769747014,0.0310590251418481,0.168623367683516
"86.Ch1",0.746889472322645,0.0449591146745767,0.0431576625089052,0.164993750493873
"87.Ch1",0.530117653284425,0.0282759675603485,0.324499226009247,0.117107153145979
"88.Ch1",0.745193703459967,0.0356110854396548,0.0545760692668124,0.164619141833566
"89.Ch1",0.655173337637192,0.140585342399441,0.0595083839585446,0.144732936004822
"90.Ch1",0.564920005060192,0.079653011315582,0.230631717633874,0.124795265990353
"91.Ch1",0.692643841063998,0.121910838068433,0.0324348563630397,0.15301046450453
"92.Ch1",0.577834964968776,0.0400684265238164,0.254448326439363,0.127648282068045
"93.Ch1",0.436453722823739,0.352492134313222,0.114638087590815,0.0964160552722235
"94.Ch1",0.549843821101178,0.174078479272767,0.154612881080353,0.121464818545702
"95.Ch1",0.496031278226204,0.112767489473683,0.281624027118331,0.109577205181782
"96.Ch1",0.667102839104578,0.0846571646721351,0.197899991342009,0.0503400048812777
"97.Ch1",0.676985110824333,0.243334549090213,0.0285946126896717,0.0510857273957829
"98.Ch1",0.592652344209258,0.2484258208053,0.11419991184022,0.0447219231452226
"99.Ch1",0.821362663698626,0.0828586168581081,0.0337981700044613,0.0619805494388045
"100.Ch1",0.609003657498537,0.281399850493202,0.0636406883538466,0.0459558036544143
"101.Ch1",0.832504782434989,0.0390447090144071,0.0656291677394689,0.0628213408111349
"102.Ch1",0.709953060421992,0.10010804898812,0.136365380731809,0.0535735098580784
"103.Ch1",0.827041679928081,0.0934023068553104,0.0171469215981678,0.062409091618441
"104.Ch1",0.79456419993635,0.0975451215802858,0.047932358178548,0.059958320304816
"105.Ch1",0.656476354037534,0.276613205374822,0.0173723170337842,0.0495381235538593
"106.Ch1",0.678340223848309,0.199857050778396,0.0706147402861295,0.0511879850871655
"107.Ch1",0.660222346666916,0.242389718446084,0.0475671363448257,0.0498207985421736
"108.Ch1",0.649893386694103,0.270726227637709,0.0303390170204329,0.0490413686477545
"109.Ch1",0.845671887739697,0.0446528981289486,0.0458602751724419,0.0638149389589123
"110.Ch1",0.7779821258286,0.119558965432075,0.0437518823019525,0.0587070264373723
"111.Ch1",0.744702553730987,0.0525307612009215,0.146570956325224,0.0561957287428678
"112.Ch1",0.858630778673193,0.0559780127231418,0.0205983834859661,0.0647928251176996
"113.Ch1",0.749726440273057,0.044819270210615,0.148879455097055,0.0565748344192734
"114.Ch1",0.854167453431218,0.0336838228908927,0.0476927039240659,0.064456019753823
"115.Ch1",0.396496572088595,0.38083700191787,0.0236388982485277,0.199027527745006
"116.Ch1",0.57677808272451,0.0318126691482119,0.101886654634304,0.289522593492974
"117.Ch1",0.558495695604318,0.0816650604265647,0.0794937747338426,0.280345469235274
"118.Ch1",0.433014567217998,0.17368699905012,0.175940138962779,0.217358294769103
"119.Ch1",0.614184751521907,0.044518902236786,0.0329969023642185,0.308299443877089
"120.Ch1",0.546807871391599,0.147429102783805,0.0312844389825842,0.274478586842011
"121.Ch1",0.516504590505804,0.160445821133674,0.0637821975333773,0.259267390827145
"122.Ch1",0.601587140215621,0.0365335428096904,0.0599034370582548,0.301975879916434
"123.Ch1",0.39087208945651,0.301166865470857,0.111756812538508,0.196204232534125
"124.Ch1",0.562198538151292,0.0300997985516538,0.12549749552658,0.282204167770475
"125.Ch1",0.497096628336086,0.209544556115356,0.0438335486163569,0.249525266932201
"126.Ch1",0.462427742471477,0.207319682445242,0.0981298864557545,0.232122688627526
"127.Ch1",0.361791452141543,0.353988189882884,0.102613596787944,0.181606761187629
"128.Ch1",0.587760342448032,0.0446413660617956,0.0725629845068594,0.295035306983313
"129.Ch1",0.494229031243751,0.0336470033623173,0.224038132747,0.248085832646932
"130.Ch1",0.368311954116592,0.281797301750144,0.165010917100667,0.184879827032598
"131.Ch1",0.411456447241738,0.250895106686036,0.131111579844367,0.206536866227859
"132.Ch1",0.399372907003106,0.0389282802313057,0.361227464651628,0.20047134811396
"133.Ch1",0.469014545130384,0.141608911782681,0.153947507970608,0.235429035116327
"134.Ch1",0.627393708829436,0.218413427539654,0.0649155637086914,0.0892772999222184
"135.Ch1",0.746915777016057,0.0345513617735637,0.112247728122716,0.106285133087663
"136.Ch1",0.681235812746003,0.198290486582008,0.0235347401494898,0.0969389605224992
"137.Ch1",0.519948148224004,0.128474857023436,0.277589056844155,0.0739879379084053
"138.Ch1",0.622763233871762,0.13702340569362,0.15159497101112,0.0886183894234983
"139.Ch1",0.616706588128358,0.0905076636763903,0.205029211498273,0.0877565366969778
"140.Ch1",0.500372799523833,0.232419385907183,0.1960054230446,0.0712023915243846
"141.Ch1",0.631676438860183,0.0288205828421251,0.24961625152267,0.0898867267750222
"142.Ch1",0.665943890498262,0.210644997842075,0.0286481715684903,0.0947629400911723
"143.Ch1",0.755451387977306,0.0486028203984159,0.0884460523187293,0.107499739305549
"144.Ch1",0.774410720169328,0.0670332654010417,0.0483583870792831,0.110197627350347
"145.Ch1",0.739927296765124,0.0576561587556945,0.0971258629433627,0.105290681535819
"146.Ch1",0.78138985921786,0.0524280256919107,0.0549913654288582,0.111190749661371
"147.Ch1",0.57854313516616,0.0594639180306013,0.2796670192887,0.0823259275145387
"148.Ch1",0.679675811309161,0.0490962652631332,0.174510949058711,0.0967169743689946
"149.Ch1",0.560465330725197,0.307602480513774,0.0521787090512706,0.0797534797097587
"150.Ch1",0.622454524666299,0.0237860499357425,0.265184964888533,0.0885744605094257
"151.Ch1",0.695009911725069,0.0302902050644751,0.175800886512256,0.0988989966981995
"152.Ch1",0.78476245043112,0.0397305707886548,0.0638363138232048,0.11167066495702
"153.Ch1",0.632524808289588,0.0775068072551659,0.142743213339983,0.147225171115263
"154.Ch1",0.615029502555341,0.0390766702480212,0.202740827396527,0.143152999800111
"155.Ch1",0.699773586952919,0.0313822629659867,0.105966291804401,0.162877858276694
"156.Ch1",0.454137317157228,0.0707006182559762,0.369457998355628,0.105704066231168
"157.Ch1",0.659912937831851,0.0250377265350817,0.161449359916401,0.153599975716667
"158.Ch1",0.480367148542455,0.185692648448137,0.222130935269297,0.111809267740112
"159.Ch1",0.510655521441824,0.308932071957549,0.0615532795910096,0.118859127009618
"160.Ch1",0.714879770843488,0.0829905821290298,0.0357357045133942,0.166393942514088
"161.Ch1",0.499702167948889,0.0179680811488547,0.366020103883225,0.116309647019032
"162.Ch1",0.565277413281804,0.262345665127792,0.0408041155797588,0.131572806010645
"163.Ch1",0.571760692945943,0.252339744831975,0.0428177213950437,0.133081840827038
"164.Ch1",0.445435150001574,0.105522179314432,0.345364102949919,0.103678567734074
"165.Ch1",0.559700358555846,0.124061961700313,0.185962977500174,0.130274702243666
"166.Ch1",0.625477865590887,0.151165410186874,0.0777717849699148,0.145584939252324
"167.Ch1",0.669941823665358,0.0704881277448782,0.103635770070135,0.155934278519629
"168.Ch1",0.486808799248651,0.14365045161157,0.256232136053752,0.113308613086027
"169.Ch1",0.552534534651446,0.275370983395965,0.0434876821163562,0.128606799836234
"170.Ch1",0.557682421777284,0.182951881188491,0.129560685597354,0.129805011436871
"171.Ch1",0.518951898582653,0.103623471951887,0.256634454806505,0.120790174658955
"172.Ch1",0.538727307791625,0.226669777397173,0.150378104844911,0.0842248099662915
"173.Ch1",0.570222844285969,0.0455019119428509,0.295126410950179,0.0891488328210017
"174.Ch1",0.582701914017982,0.099358320553427,0.22683995061441,0.0910998148141801
"175.Ch1",0.719170969887828,0.0398995877181819,0.128494009112585,0.112435433281404
"176.Ch1",0.704820790836788,0.12868262228727,0.0563046654530899,0.110191921422853
"177.Ch1",0.477144595217423,0.132059948006496,0.316198508974477,0.074596947801604
"178.Ch1",0.64783547756014,0.13313141419844,0.117750290018236,0.101282818223184
"179.Ch1",0.629046108144115,0.029285148568844,0.243323461449266,0.0983452818377753
"180.Ch1",0.654111632311812,0.182539716324324,0.0610846169787494,0.102264034385115
"181.Ch1",0.43122206327041,0.359338244428696,0.142022288714829,0.0674174035860653
"182.Ch1",0.592951701935449,0.147274217867875,0.167071810064086,0.0927022701325902
"183.Ch1",0.507192994402978,0.385625028737783,0.0278872521404616,0.0792947247187777
"184.Ch1",0.614270595504554,0.202306365301816,0.0873877660118543,0.0960352731817765
"185.Ch1",0.675628126808259,0.177000365528303,0.0417435772331557,0.105627930430282
"186.Ch1",0.435491764156007,0.27426406321709,0.222159242556657,0.068084930070246
"187.Ch1",0.641518036438794,0.173677067501628,0.084509748723359,0.100295147336219
"188.Ch1",0.722706106135982,0.114142172725611,0.0501636034573081,0.112988117681099
"189.Ch1",0.495497229217653,0.326767977160197,0.100268588798127,0.0774662048240234
"190.Ch1",0.572400664330167,0.0836134558096235,0.254496565915065,0.0894893139451446
"191.Ch1",0.547751358397751,0.228922845597546,0.0374272219080973,0.185898574096605
"192.Ch1",0.648928873194232,0.0608432738543932,0.0699911518142042,0.22023670113717
"193.Ch1",0.421928922227207,0.0655939396595975,0.369280806767543,0.143196331345652
"194.Ch1",0.572175937152437,0.148661397611309,0.0849747564008211,0.194187908835433
"195.Ch1",0.424926380378682,0.131236573046637,0.299623423007421,0.14421362356726
"196.Ch1",0.660971001674558,0.0738621975950903,0.0408431822733794,0.224323618456972
"197.Ch1",0.449807629048245,0.337490499638137,0.0600439261057055,0.152657945207913
"198.Ch1",0.429426221559962,0.11577604843471,0.309056928008592,0.145740801996736
"199.Ch1",0.674151634699057,0.0356090670969728,0.0614423711054413,0.228796927098529
"200.Ch1",0.544889387856788,0.212196742763069,0.0579866050475669,0.184927264332577
"201.Ch1",0.62729914834614,0.118534509803855,0.0412704440640563,0.212895897785949
"202.Ch1",0.602891762825004,0.101315069187613,0.0911807698153409,0.204612398172041
"203.Ch1",0.579487172363145,0.0361352539213408,0.187708341594036,0.196669232121478
"204.Ch1",0.680332881882714,0.0446950808699824,0.0440772878066426,0.230894749440662
"205.Ch1",0.427046740589134,0.156369592962914,0.271650424510694,0.144933241937258
"206.Ch1",0.484223331303332,0.2832601190533,0.0681784326245294,0.164338117018839
"207.Ch1",0.636003856218443,0.093530572795446,0.0546154262474533,0.215850144738658
"208.Ch1",0.670515522482269,0.0442023625120054,0.0577192297146577,0.227562885291068
"209.Ch1",0.411228672964147,0.370874585169678,0.0783319142128179,0.139564827653357
"210.Ch1",0.745625243198962,0.0982009098994003,0.08551940112477,0.0706544457768681
"211.Ch1",0.709649330221529,0.0898283337520747,0.133276919404485,0.0672454166219108
"212.Ch1",0.647885220978201,0.173298323503183,0.117423722865353,0.0613927326532636
"213.Ch1",0.450861036962967,0.357522184674038,0.148893792547314,0.0427229858156804
"214.Ch1",0.669735612005769,0.0451694103047777,0.22163173135369,0.0634632463357633
"215.Ch1",0.555426752661398,0.256140974591021,0.135800780269442,0.052631492478139
"216.Ch1",0.467728256640633,0.0650825681105973,0.422867874369333,0.0443213008794371
"217.Ch1",0.521270614908526,0.139813937949988,0.289520544364164,0.0493949027773211
"218.Ch1",0.442227357617121,0.187053550903279,0.32881422151335,0.0419048699662506
"219.Ch1",0.629333242814717,0.144237657724615,0.166794327320626,0.0596347721400413
"220.Ch1",0.613358695759618,0.0359633550443752,0.292556903661938,0.0581210455340694
"221.Ch1",0.7040073843515,0.0678720689580112,0.161409753275325,0.0667107934151645
"222.Ch1",0.739811480728198,0.0883921027618304,0.101692875049979,0.0701035414599919
"223.Ch1",0.659574511646838,0.238678995986708,0.0392460982421624,0.0625003941242914
"224.Ch1",0.460542710668704,0.102141148522002,0.393675732607354,0.0436404082019404
"225.Ch1",0.632951871643611,0.0490448016019105,0.258025658210768,0.0599776685437103
"226.Ch1",0.824619098288595,0.0518058421055444,0.0454352623041556,0.078139797301705
"227.Ch1",0.425131093070875,0.196817539577525,0.337766516432971,0.0402848509186292
"228.Ch1",0.524009084543335,0.302523132229403,0.123813386748395,0.0496543964788676
"229.Ch1",0.454478273596248,0.0477501137021988,0.382799004959482,0.114972607742071
"230.Ch1",0.694028164458955,0.0378883901603148,0.0925101945784783,0.175573250802252
"231.Ch1",0.418659775967408,0.170709086362256,0.304719790536401,0.105911347133935
"232.Ch1",0.634047333005439,0.128696260363213,0.0768569342193797,0.160399472411968
"233.Ch1",0.652376922845039,0.108894729769295,0.0736919080049008,0.165036439380765
"234.Ch1",0.631073362230707,0.0854410722610287,0.123838439677386,0.159647125830879
"235.Ch1",0.56369753738719,0.228828795615313,0.0648710837356958,0.142602583261801
"236.Ch1",0.484980680816003,0.233985917762647,0.158344382347411,0.122689019073938
"237.Ch1",0.371066037670242,0.133725703566191,0.401337038786689,0.093871219976878
"238.Ch1",0.551974052494339,0.0325210671780192,0.2758680705874,0.139636809740242
"239.Ch1",0.475292603481786,0.0706194397076346,0.333849799702622,0.120238157107957
"240.Ch1",0.470878762708907,0.0272634930800188,0.38273618785897,0.119121556352105
"241.Ch1",0.463796163714952,0.31414744679312,0.104726568681949,0.117329820809979
"242.Ch1",0.435309757276951,0.344180718695553,0.110386112464457,0.110123411563038
"243.Ch1",0.339266174662367,0.189746057550309,0.385161185779442,0.0858265820078824
"244.Ch1",0.327246356792413,0.289506478852765,0.300461321333554,0.0827858430212678
"245.Ch1",0.454147581536105,0.107394835638108,0.32356863261087,0.114888950214917
"246.Ch1",0.362209189898461,0.184265413317511,0.361894756706908,0.0916306400771205
"247.Ch1",0.630118396377716,0.0421407942766029,0.168335268032263,0.159405541313418
"248.Ch1",0.688781140217213,0.128747203179346,0.182471650196092,6.40734887513076e-09
"249.Ch1",0.478986329002085,0.294785664216072,0.226228002326099,4.45574412122648e-09
"250.Ch1",0.374961413672037,0.496824215676432,0.128214367163473,3.48805803734886e-09
"251.Ch1",0.558077872238278,0.176638076699442,0.265284045870791,5.19148887525236e-09
"252.Ch1",0.294396681943085,0.0679558587473279,0.637647456570978,2.73860902796408e-09
"253.Ch1",0.715617031355172,0.0738214467000781,0.210561515287761,6.65698828430754e-09
"254.Ch1",0.451327364025765,0.342672155753436,0.206000476022351,4.19844811269696e-09
"255.Ch1",0.322742697659925,0.23572184298475,0.441535456353029,3.00229628842022e-09
"256.Ch1",0.28906499711752,0.399680129099181,0.311254871094288,2.68901132155931e-09
"257.Ch1",0.409752034525226,0.079709484861101,0.510538476801977,3.81169588451536e-09
"258.Ch1",0.665873536784222,0.0793819870245083,0.254744469997017,6.19425214742124e-09
"259.Ch1",0.535803465613448,0.260966373505879,0.203230155896391,4.98428242620992e-09
"260.Ch1",0.285903186297927,0.399571229642808,0.314525581399666,2.65959874938594e-09
"261.Ch1",0.72250112946595,0.103042527485868,0.174456336327155,6.72102723036880e-09
"262.Ch1",0.678864741940717,0.0697533277635311,0.25138192398065,6.31510212266854e-09
"263.Ch1",0.317195125206008,0.0406151233712612,0.642189748472041,2.95069029916345e-09
"264.Ch1",0.677244772049213,0.201954188541644,0.120801033109111,6.30003244137791e-09
"265.Ch1",0.526439374986644,0.382941471917867,0.0906191481983153,4.8971734854434e-09
"266.Ch1",0.685945817173741,0.158291137997453,0.155763038447833,6.3809734376333e-09
"267.Ch1",0.402973901961112,0.168188167192681,0.071214610023023,0.357623320823184
"268.Ch1",0.474634990541627,0.0803829873707866,0.0237623334915793,0.421219688596007
"269.Ch1",0.352784597993833,0.291864691094904,0.0422684024643942,0.313082308446868
"270.Ch1",0.336379298066651,0.346054421670862,0.0190430234328759,0.298523256829611
"271.Ch1",0.398575617921439,0.227595844530413,0.0201085189897916,0.353720018558357
"272.Ch1",0.382123789047752,0.2608527590994,0.0179037775023672,0.339119674350481
"273.Ch1",0.395068765903758,0.0435824300745513,0.210740977240755,0.350607826780936
"274.Ch1",0.343376600799789,0.315165835800747,0.0367244785188257,0.304733084880638
"275.Ch1",0.295894806837039,0.188999988056698,0.252510325089422,0.262594880016841
"276.Ch1",0.41757238163052,0.176122088598457,0.0357266384929385,0.370578891278085
"277.Ch1",0.341291918066652,0.28786268185234,0.0679623882652992,0.30288301181571
"278.Ch1",0.471809495814768,0.0507665382481642,0.058711791605062,0.418712174332006
"279.Ch1",0.392530744860944,0.168800528840416,0.0903132923134479,0.348355433985191
"280.Ch1",0.322054661534426,0.375956807288623,0.0161778199025453,0.285810711274406
"281.Ch1",0.414857331659992,0.057761701755173,0.159211574239399,0.368169392345435
"282.Ch1",0.387367173480787,0.0542490701621918,0.214610786733151,0.34377296962387
"283.Ch1",0.357856405308078,0.063975725993641,0.260584532851206,0.317583335847075
"284.Ch1",0.372385282619713,0.225280321207996,0.0718572591963246,0.330477136975966
"285.Ch1",0.388575390308719,0.247085561395908,0.0194938342601984,0.344845214035175
"286.Ch1",0.516909415808145,0.148781121761175,0.0959392369010674,0.238370225529613
"287.Ch1",0.590690319051608,0.0371795381176275,0.099736217968016,0.272393924862748
"288.Ch1",0.474603183263134,0.116152386425226,0.190383515087966,0.218860915223674
"289.Ch1",0.48229658658841,0.234649222969421,0.0606455002512518,0.222408690190918
"290.Ch1",0.417834541061774,0.222865196448966,0.166617926395146,0.192682336094114
"291.Ch1",0.394560166625991,0.122172460512108,0.301317899651788,0.181949473210113
"292.Ch1",0.583328880966522,0.096543324228819,0.051128560777288,0.268999234027371
"293.Ch1",0.490541022601585,0.0787872937603299,0.204461112475909,0.226210571162175
"294.Ch1",0.517921282635506,0.101153423181017,0.142088451261208,0.23883684292227
"295.Ch1",0.478936565566053,0.152690578753737,0.147513622598004,0.220859233082207
"296.Ch1",0.419001545407458,0.0851019808670334,0.302675979337954,0.193220494387555
"297.Ch1",0.43711901529225,0.18476654031859,0.17653916819576,0.2015752761934
"298.Ch1",0.427358577673874,0.281212258761331,0.0943548649995971,0.197074298565197
"299.Ch1",0.428642360448729,0.316840277081631,0.0568510538148323,0.197666308654808
"300.Ch1",0.625813547264848,0.0484820133462899,0.0371136112109968,0.288590828177865
"301.Ch1",0.501461007998865,0.0769145884747914,0.190378135001488,0.231246268524856
"302.Ch1",0.368790491852814,0.254684418880445,0.206459174373908,0.170065914892833
"303.Ch1",0.573188135149653,0.0274801572725263,0.13500882842711,0.264322879150711
"304.Ch1",0.413781691000278,0.0314968471754404,0.363908077530332,0.19081338429395
"305.Ch1",0.334790904107419,0.178216393021224,0.228219802490921,0.258772900380437
"306.Ch1",0.527228977839231,0.0272293611001271,0.0380258949922295,0.407515766068412
"307.Ch1",0.349820132616279,0.191287181823744,0.188503110401332,0.270389575158645
"308.Ch1",0.388016181363895,0.182497187021103,0.12957384600999,0.299912785605013
"309.Ch1",0.38952148523824,0.0587514251291291,0.250650796164234,0.301076293468397
"310.Ch1",0.473915805403201,0.100830371408025,0.0589458799449848,0.366307943243789
"311.Ch1",0.390252834014148,0.269112739721238,0.0389928449057467,0.301641581358866
"312.Ch1",0.372017010065844,0.291733209842914,0.0487033757399798,0.287546404351263
"313.Ch1",0.397880828824063,0.0961484032477924,0.198433212942662,0.307537554985483
"314.Ch1",0.384364193200505,0.289280506620613,0.029265278148389,0.297090022030492
"315.Ch1",0.487652946455673,0.0432189749590335,0.0922021651712551,0.376925913414038
"316.Ch1",0.41958827159141,0.232501271106613,0.0235943762101015,0.324316081091875
"317.Ch1",0.51147414917749,0.0315600437904244,0.0616275602982125,0.395338246733873
"318.Ch1",0.333825071212022,0.234128903828528,0.174019654357924,0.258026370601526
"319.Ch1",0.434571435548699,0.129197219091861,0.100334194571421,0.335897150788019
"320.Ch1",0.469798933438788,0.0318583037114977,0.135216909936504,0.36312585291321
"321.Ch1",0.491493099605084,0.039249654831498,0.0893631285447232,0.379894117018695
"322.Ch1",0.533678064994108,0.026083579870556,0.0277378389814246,0.412500516153911
"323.Ch1",0.4070099050602,0.216131889272608,0.0622644328859543,0.314593772781237
"324.Ch1",0.671082378910513,0.105328574146666,0.101028742117482,0.122560304825339
"325.Ch1",0.647140970938295,0.0465280999935456,0.188143062487715,0.118187866580445
"326.Ch1",0.723025172791772,0.0678799030562199,0.0770482658600471,0.132046658291961
"327.Ch1",0.617825195669771,0.242969838061741,0.0263710628764887,0.112833903391999
"328.Ch1",0.422889329487782,0.347910980836332,0.151967077468798,0.0772326122070881
"329.Ch1",0.473377999047885,0.0763730613353567,0.363795541816167,0.0864533978005914
"330.Ch1",0.544325179414335,0.121559459604986,0.234704823601595,0.099410537379084
"331.Ch1",0.62728536725542,0.0460320904946501,0.212120920250388,0.114561621999541
"332.Ch1",0.625918022842605,0.22887969905806,0.0308903752897206,0.114311902809614
"333.Ch1",0.477274133768267,0.40749649938948,0.028064414880836,0.0871649519614172
"334.Ch1",0.580385787416823,0.0622570842025139,0.251360813684423,0.10599631469624
"335.Ch1",0.771400865100954,0.0398794530938146,0.0478381326237553,0.140881549181476
"336.Ch1",0.523010156312464,0.32995393487256,0.051518150937815,0.0955177578771612
"337.Ch1",0.6733719325093,0.15330102349434,0.050348596189176,0.122978447807184
"338.Ch1",0.70232247233812,0.0785800747629007,0.0908317451401351,0.128265707758844
"339.Ch1",0.718979138505235,0.0356527698474176,0.114060363792357,0.13130772785499
"340.Ch1",0.578819683928048,0.041236750108712,0.274233269983933,0.105710295979307
"341.Ch1",0.445461242907674,0.135416405900739,0.337767412611209,0.0813549385803782
"342.Ch1",0.590070179858457,0.225945025450513,0.0762198117552486,0.107764982935782
"343.Ch1",0.600419089787515,0.0795523232362153,0.110544411694014,0.209484175282256
"344.Ch1",0.498439368435991,0.233036475933673,0.0946203577647925,0.173903797865544
"345.Ch1",0.359105175488832,0.364774081982427,0.150830169983004,0.125290572545737
"346.Ch1",0.547774956965745,0.06827613135443,0.192832095022893,0.191116816656932
"347.Ch1",0.417571408772592,0.22337085357195,0.21336849546442,0.145689242191039
"348.Ch1",0.53471511062042,0.196324263888863,0.0824003447392835,0.186560280751434
"349.Ch1",0.605087971998961,0.034168472377067,0.149630423241266,0.211113132382705
"350.Ch1",0.606025818191952,0.12449751310883,0.0580363249742653,0.211440343724953
"351.Ch1",0.571888870302766,0.135809214915046,0.0927718358986645,0.199530078883523
"352.Ch1",0.464901781092811,0.315584236231181,0.0573113347989313,0.162202647877077
"353.Ch1",0.671005415175563,0.0451955080366323,0.0496875730084593,0.234111503779345
"354.Ch1",0.362856200675924,0.209680524351228,0.300863982516059,0.126599292456789
"355.Ch1",0.406506054859029,0.4152330279658,0.0364323392738193,0.141828577901352
"356.Ch1",0.663822744377168,0.0686783076924052,0.0358934535270638,0.231605494403363
"357.Ch1",0.611289921922952,0.0889936195903793,0.0864394869005345,0.213276971586134
"358.Ch1",0.453567543385294,0.0272401880302178,0.360944097636938,0.15824817094755
"359.Ch1",0.574799913546187,0.0317825357898293,0.192871818708413,0.200545731955571
"360.Ch1",0.422725449630714,0.0707433244518963,0.359043756426622,0.147487469490768
"361.Ch1",0.385798345443009,0.357085856471914,0.122512069464475,0.134603728620602
"362.Ch1",0.55078863497006,0.213416260868789,0.0719144762778507,0.1638806278833
"363.Ch1",0.697804266291522,0.0465280600930554,0.0480442877303519,0.207623385885071
"364.Ch1",0.480669609671163,0.0582301741820996,0.318082672871515,0.143017543275222
"365.Ch1",0.663064149418102,0.0983809799646163,0.0412679946100239,0.197286876007258
"366.Ch1",0.554261561474535,0.0467118965375949,0.234112586000085,0.164913955987786
"367.Ch1",0.704152221871461,0.0390388730629057,0.047296760262593,0.20951214480304
"368.Ch1",0.659485795839213,0.0404708002455718,0.103821224588434,0.196222179326781
"369.Ch1",0.510100032598492,0.0294527492959133,0.308673001431576,0.151774216674019
"370.Ch1",0.64690643431862,0.120584023980621,0.040030202246623,0.192479339454136
"371.Ch1",0.674058219725785,0.0926508532404944,0.0327328957581366,0.200558031275584
"372.Ch1",0.436598487812908,0.228556519734091,0.204940288955319,0.129904703497682
"373.Ch1",0.588202650138681,0.057549186289128,0.179235439076545,0.175012724495646
"374.Ch1",0.488308597600761,0.038884445591736,0.327516523245859,0.145290433561645
"375.Ch1",0.588470690517858,0.0545632811270934,0.181873551622611,0.175092476732437
"376.Ch1",0.562806050922299,0.0547384338264434,0.214999247736441,0.167456267514817
"377.Ch1",0.527112616539305,0.0218839921751441,0.294167281970466,0.156836109315085
"378.Ch1",0.644192842387699,0.0259476889042491,0.138187526359127,0.191671942348924
"379.Ch1",0.580673597977053,0.0323074562820359,0.214246401447386,0.172772544293525
"380.Ch1",0.685372380965007,0.0273650064923462,0.0833381867372318,0.203924425805415
"381.Ch1",0.499531001532452,0.0388257294061733,0.367545629452996,0.094097639608378
"382.Ch1",0.522753228368011,0.325231034080672,0.0535436812901723,0.098472056261144
"383.Ch1",0.682619269826226,0.0419640216325068,0.146830370866949,0.128586337674318
"384.Ch1",0.645288674203066,0.207666468963937,0.0254905570553017,0.121554299777695
"385.Ch1",0.481079903749545,0.0653956853416337,0.362902440967048,0.0906219699417734
"386.Ch1",0.625181408275508,0.147440635309303,0.109611301962722,0.117766654452467
"387.Ch1",0.515359642111452,0.130553393154582,0.257007652892786,0.0970793118411803
"388.Ch1",0.650799305116135,0.191868758286507,0.0347395884100913,0.122592348187268
"389.Ch1",0.507420577641595,0.279130394737047,0.117865213006616,0.095583814614741
"390.Ch1",0.737895740945176,0.0485653623192168,0.0745400212163562,0.138998875519251
"391.Ch1",0.411313565102644,0.286089715744429,0.225116771969806,0.0774799471831206
"392.Ch1",0.525802548403426,0.0335917964322165,0.34155919247626,0.099046462688098
"393.Ch1",0.47930914383915,0.065744146244031,0.364658301510505,0.0902884084063129
"394.Ch1",0.608206100021873,0.0752468248789948,0.20197809293005,0.114568982169082
"395.Ch1",0.73776244626513,0.0620769577522142,0.0611868294450823,0.138973766537574
"396.Ch1",0.68980327684363,0.132133327416,0.0481237925005638,0.129939603239807
"397.Ch1",0.555899422298183,0.271701599798097,0.067683107742613,0.104715870161107
"398.Ch1",0.62487515924883,0.0395797845572186,0.217836090474425,0.117708965719527
"399.Ch1",0.737763055841783,0.0766562991757934,0.0466067636176943,0.13897388136473
"400.Ch1",0.754406053211039,0.0985726378351408,0.106635054479127,0.0403862544746935
"401.Ch1",0.76235006711753,0.0520230636578594,0.144815341164409,0.0408115280602016
"402.Ch1",0.492814473735513,0.263269761925934,0.217533512154361,0.026382252184192
"403.Ch1",0.542257533232579,0.178453700388515,0.250259637258406,0.0290291291205006
"404.Ch1",0.505657470756059,0.0265195715297605,0.440753170556373,0.027069787157807
"405.Ch1",0.831161649183478,0.067464521833265,0.0568785525593018,0.0444952764239547
"406.Ch1",0.645188115688364,0.0272739992698128,0.292998486380676,0.0345393986611466
"407.Ch1",0.832958366512594,0.0321851448161159,0.0902650270656764,0.0445914616056137
"408.Ch1",0.555720484446963,0.12875495461811,0.285774708310936,0.0297498526239908
"409.Ch1",0.612110934566986,0.30735329716596,0.047767118194664,0.0327686500723892
"410.Ch1",0.787728442290454,0.106562149782448,0.0635392779395575,0.0421701299875396
"411.Ch1",0.435917225226277,0.197259204218013,0.343487246684823,0.0233363238708874
"412.Ch1",0.691629696314,0.0364638310536186,0.234880877730668,0.0370255949017132
"413.Ch1",0.645183900028112,0.268723739901065,0.0515531870901669,0.0345391729806566
"414.Ch1",0.771248908931288,0.0573280293262514,0.130135144490403,0.0412879172520576
"415.Ch1",0.48655404059029,0.0458460282744017,0.441552823990116,0.0260471071451926
"416.Ch1",0.561446124969601,0.0377854810335186,0.370712025837663,0.0300563681592171
"417.Ch1",0.552136962271179,0.300593353406013,0.117711671408866,0.0295580129139422
"418.Ch1",0.775068713045106,0.140048977654718,0.0433899032581252,0.0414924060420501
"419.Ch1",0.462386966345817,0.199719485144212,0.234672994905863,0.103220553604109
"420.Ch1",0.707334049309153,0.103228150568129,0.0315366967898835,0.157901103332834
"421.Ch1",0.697930396539992,0.116330713930084,0.0299370024712951,0.155801887058629
"422.Ch1",0.664848609916666,0.156711877307659,0.0300226096763884,0.148416903099287
"423.Ch1",0.571191679974077,0.270169739282176,0.0311291012120728,0.127509479531675
"424.Ch1",0.554860919833281,0.045184014276376,0.276091169442098,0.123863896448244
"425.Ch1",0.373333218036954,0.259196438956183,0.28412962570871,0.0833407172981538
"426.Ch1",0.561603964702035,0.251575833225654,0.061451027848115,0.125369174224196
"427.Ch1",0.71428779679778,0.0707874853444131,0.0554713007323253,0.159453417125482
"428.Ch1",0.76051013681266,0.039831290281044,0.0298867517762231,0.169771821130073
"429.Ch1",0.549583579289674,0.305911394322409,0.0218192124811709,0.122685813906746
"430.Ch1",0.507591050497126,0.119015758680293,0.260081542678893,0.113311648143688
"431.Ch1",0.65383083373988,0.160995043016805,0.0392167638579043,0.145957359385411
"432.Ch1",0.589502912661588,0.0426349753538612,0.236264940297287,0.131597171687264
"433.Ch1",0.645641898875327,0.0681243290733633,0.142104462441669,0.144129309609641
"434.Ch1",0.626802029487787,0.16690736543615,0.0663669973774849,0.139923607698579
"435.Ch1",0.645422602558322,0.159430571206911,0.0510664710483521,0.144080355186416
"436.Ch1",0.715480200308602,0.0528779856187258,0.0719222117831075,0.159719602289565
"437.Ch1",0.490794150026803,0.364927097662073,0.0347167456832473,0.109562006627877
"438.Ch1",0.482682844215049,0.303882273161799,0.0810662593750659,0.132368623248086
"439.Ch1",0.533244415513303,0.246435710346194,0.0740854885969003,0.146234385543602
"440.Ch1",0.700026801837512,0.0365555762809533,0.0714456363292401,0.191971985552295
"441.Ch1",0.639527663842054,0.120236687019004,0.0648546564096428,0.175380992729299
"442.Ch1",0.575263134712878,0.215343870490756,0.0516355976567322,0.157757397139634
"443.Ch1",0.723621916676734,0.0465707641508145,0.0313647227333594,0.198442596439092
"444.Ch1",0.502536240085057,0.26960341850544,0.0900472183006728,0.137813123108829
"445.Ch1",0.532155766356858,0.0522127373387312,0.269695656673028,0.145935839631383
"446.Ch1",0.38772181957361,0.293822382985663,0.212128829173059,0.106326968267668
"447.Ch1",0.561969795404851,0.131456546801917,0.152461762132804,0.154111895660428
"448.Ch1",0.465806845312083,0.0786733816661394,0.327779142600648,0.12774063042113
"449.Ch1",0.575577821152214,0.221793350095896,0.0447851335156295,0.15784369523626
"450.Ch1",0.623198766398197,0.153764070692484,0.0521341285323976,0.170903034376921
"451.Ch1",0.624896831874566,0.176324935219272,0.0274095292145228,0.17136870369164
"452.Ch1",0.709940127677449,0.0659767157598152,0.0293925881791497,0.194690568383586
"453.Ch1",0.605075286272852,0.0666899857339384,0.16230178969782,0.165932938295389
"454.Ch1",0.68501794947752,0.0358930351842312,0.0912329853191503,0.187856030019098
"455.Ch1",0.706963647308001,0.0670721917384745,0.0320898482404079,0.193874312713117
"456.Ch1",0.583450913079389,0.0874513821622758,0.169094930632913,0.160002774125423
"457.Ch1",0.840875765539953,0.0332991073772898,0.0407853827395857,0.0850397443431713
"458.Ch1",0.768329016037864,0.0884814223891803,0.0654866406743568,0.0777029208985995
"459.Ch1",0.698849266597789,0.117374801636519,0.113099661380225,0.0706762703854675
"460.Ch1",0.482517612572828,0.386314682055711,0.0823695640813235,0.0487981412901369
"461.Ch1",0.497840940170116,0.27555270877177,0.176258525599682,0.0503478254584317
"462.Ch1",0.646781852454755,0.182498638954746,0.105308938286767,0.0654105703037315
"463.Ch1",0.48620092299281,0.325540270588464,0.139088163280769,0.0491706431379582
"464.Ch1",0.793746724520382,0.0341082354383464,0.0918715664882566,0.0802734735530152
"465.Ch1",0.828434313649975,0.0502931334878243,0.0374910418173837,0.0837815110448169
"466.Ch1",0.75234001898692,0.0865978770776818,0.0849761879229398,0.0760859160124582
"467.Ch1",0.624758016988716,0.120711003296665,0.191347731703005,0.0631832480116145
"468.Ch1",0.612662988629834,0.0340256201682267,0.291351341862013,0.0619600493399269
"469.Ch1",0.826716253978352,0.0331902976082682,0.0564856887849181,0.0836077596284619
"470.Ch1",0.737824173286133,0.0724834111791092,0.115074521146787,0.0746178943879709
"471.Ch1",0.483260222517075,0.369554664793149,0.0983118695089756,0.0488732431808007
"472.Ch1",0.511594540742716,0.365915151225351,0.0707515485920214,0.0517387594399111
"473.Ch1",0.780334926661459,0.106053621749767,0.034694344704707,0.0789171068840666
"474.Ch1",0.48823399438851,0.293201108292022,0.169188644888429,0.0493762524310394
"475.Ch1",0.612305588312444,0.0389553510830208,0.286815155999496,0.0619239046050392
"476.Ch1",0.49045808221313,0.313742284213262,0.0892591209663186,0.10654051260729
"477.Ch1",0.617789440983354,0.0780640315911213,0.169946264217026,0.134200263208499
"478.Ch1",0.630103073963223,0.0627642653223878,0.170257549608975,0.136875111105415
