"","Ch1","Ch2","Ch3","Ch4"
"1",0.871282632361847,0.0661734405451891,0.0167081814035821,0.0458357456893822
"2",0.266158542666507,0.375669032152956,0.032348897389189,0.325823527791349
"3",0.184099733321608,0.362455486310255,0.182492372240597,0.27095240812754
"4",0.162097755744963,0.230260059509423,0.183893976044968,0.423748208700646
"5",0.290979645518996,0.284428569412211,0.0758088544389029,0.348782930629889
"6",0.144762505374092,0.487484216883853,0.278596268614105,0.0891570091279509
"7",0.738282043227626,0.203004654228743,0.0276915078023714,0.0310217947412599
"8",0.750328374000584,0.120668702092931,0.0476751426678455,0.0813277812386392
"9",0.13585703932201,0.353276912771049,0.433180048517835,0.0776859993891059
"10",0.591041829423717,0.161920859661837,0.0989595293218938,0.148077781592552
"11",0.328607405654762,0.553488396491591,0.0563840675723566,0.06152013028129
"12",0.0910158101115855,0.130500486281214,0.0751307618969935,0.703352941710207
"13",0.0513957076301742,0.0738626857656585,0.151688336014419,0.723053270589748
"14",0.0297753767903436,0.638157819310891,0.0568817142798937,0.275185089618872
"15",0.0929581654238366,0.378295135107623,0.393303616713735,0.135443082754805
"16",0.351137966580063,0.102892554189554,0.312891862184979,0.233077617045405
"17",0.0133631777827663,0.747773758593971,0.0709786516823517,0.167884411940911
"18",0.147101479609333,0.0364869853813945,0.122140517397549,0.694271017611724
"19",0.174079609976417,0.492533130146692,0.186429834600869,0.146957425276022
"20",0.0536367590501647,0.5298946802079,0.307698203654823,0.108770357087112
"21",0.0164652806434566,0.132279983577275,0.683002669133361,0.168252066645907
"22",0.0258226921130952,0.0379590236169716,0.178042899337452,0.758175384932481
"23",0.0386028699674733,0.0499502227106834,0.547965526109328,0.363481381212515
"24",0.211202250391484,0.22813525317221,0.138189722552327,0.422472773883979
"25",0.0925368781283921,0.0324756245456687,0.470442437615798,0.404545059710141
"26",0.2210078319204,0.110268852482066,0.152668120147113,0.516055195450421
"27",0.0977034308893716,0.132392951161473,0.159980387984632,0.609923229964524
"28",0.146399962093776,0.051655305106028,0.150213496803701,0.651731235996496
"29",0.138621875415825,0.137686545005786,0.341782903859435,0.381908675718955
"30",0.227208888797503,0.148669094779403,0.393006287521543,0.231115728901551
"31",0.237323332767241,0.563429360230657,0.0400191743731916,0.15922813262891
"32",0.031532660866597,0.521906156279248,0.242088795821373,0.204472387032782
"33",0.253048530462288,0.0961958564123851,0.156540815160585,0.494214797964742
"34",0.0717179405746351,0.02006881984626,0.858962771278681,0.0492504683004242
"35",0.145762227871912,0.161998811422618,0.0430879972848103,0.64915096342066
"36",0.552056187136394,0.220101975596225,0.105922832989367,0.121919004278015
"37",0.122083455626225,0.324179031154146,0.358406957160709,0.19533055605892
"38",0.370343706374013,0.213133977276239,0.277567665344035,0.138954651005713
"39",0.485818180281644,0.262329581811863,0.202889856696354,0.0489623812101397
"40",0.860545173946751,0.0382378151412807,0.06780744775341,0.0334095631585585
"41",0.658061324798483,0.125290721649035,0.143355186882641,0.0732927666698401
"42",0.0450066286430938,0.24813760285676,0.654131165011094,0.0527246034890522
"43",0.036795271766104,0.582217819083857,0.272415974114464,0.108570935035575
"44",0.408859003351918,0.247195680355881,0.181834971806365,0.162110344485836
"45",0.23960419138886,0.190153833204111,0.461651026283663,0.108590949123367
"46",0.493371375591839,0.0632014442449784,0.303122675207372,0.14030450495581
"47",0.0244163989765262,0.507931187248017,0.439029241010872,0.0286231727645856
"48",0.183080775409393,0.508739035234624,0.266569980832392,0.0416102085235912
"49",0.417652014398624,0.0629532255460506,0.16940395269538,0.349990807359946
"50",0.616269034878689,0.102760531428892,0.200847192736935,0.0801232409554832
"51",0.0367504434430286,0.328611851946805,0.57523313077823,0.0594045738319358
"52",0.213013242330053,0.295470137905951,0.248640002791234,0.242876616972762
"53",0.851591234838035,0.0413330615730873,0.0687740864881875,0.03830161710069
"54",0.2596366094952,0.0941917193302243,0.260264145821997,0.385907525352579
"55",0.432090936784088,0.250284095457104,0.0950511196315641,0.222573848127244
"56",0.312568497762646,0.0987669627657042,0.119286140943199,0.46937839852845
"57",0.128225354980074,0.068516035710338,0.5893303354444,0.213928273865188
"58",0.34168537974861,0.0854909420493526,0.345400482796432,0.227423195405605
"59",0.144434269221827,0.0678415402364615,0.187515487008293,0.600208703533419
"60",0.560893074914728,0.01044957958039,0.379974952000814,0.048682393504068
"61",0.285184961776449,0.0426246161931142,0.0652996710250948,0.606890751005342
"62",0.0583446578062242,0.0452505424495288,0.19543744271186,0.700967357032387
"63",0.198699146022468,0.151039981095624,0.28532594836691,0.364934924514997
"64",0.0789048850988844,0.14534029922695,0.108689425619155,0.66706539005501
"65",0.324976780693876,0.226036757582091,0.0321727997706837,0.41681366195335
"66",0.156715554770356,0.201828623466239,0.074789841281906,0.566665980481499
"67",0.0534811922485496,0.117288097475078,0.362682754585107,0.466547955691265
"68",0.341385994067038,0.131077086319461,0.0363675913420824,0.491169328271418
"69",0.0747947184754099,0.0600494220733023,0.732040103893615,0.133115755557673
"70",0.0777060191798671,0.0721177978859645,0.360228624027314,0.489947558906855
"71",0.349431309022742,0.29433388890461,0.243009855464405,0.113224946608243
"72",0.101491390298801,0.408420994971104,0.396233701275134,0.093853913454961
"73",0.708770030503816,0.164147675913436,0.0782405244938036,0.0488417690889439
"74",0.112056015713842,0.517941697426132,0.254648783462387,0.115353503397639
"75",0.299170256699153,0.468691401574077,0.157337326347498,0.0748010153792719
"76",0.254570278280978,0.187086564970041,0.366756384910754,0.191586771838227
"77",0.209580473980664,0.594464841256857,0.132698369438891,0.0632563153235884
"78",0.229572034207321,0.28413493061098,0.168669565035093,0.317623470146606
"79",0.31704466635626,0.155171908124694,0.0888721332148,0.438911292304245
"80",0.375384995897824,0.0532045307637908,0.171328911970099,0.400081561368286
"81",0.0265952358696835,0.697313315914064,0.0853534128510388,0.190738035365213
"82",0.33490962205865,0.221127782888175,0.0393592166150451,0.404603378438131
"83",0.0529623018700281,0.0337966735507383,0.726166401862948,0.187074622716286
"84",0.189107882772507,0.314564477724206,0.141400600980326,0.354927038522962
"85",0.326285935420632,0.204659345096881,0.183464900754727,0.28558981872776
"86",0.0737105037469078,0.349466413796494,0.441362661479501,0.135460420977097
"87",0.0173355484442409,0.70159766014993,0.162555197095786,0.118511594310043
"88",0.290666299759209,0.10221951207468,0.312800622043093,0.294313566123017
"89",0.0891610361290761,0.178406925017464,0.430312812371397,0.302119226482063
"90",0.516895277904027,0.103494826385074,0.0244030601939937,0.355206835516905
"91",0.26636130483544,0.220826804470969,0.134980509349387,0.377831381344204
"92",0.0550540079936472,0.555237560682219,0.210420236957874,0.179288194366259
"93",0.507754710086035,0.0749415281231788,0.15562627992252,0.261677481868267
"94",0.341089104695117,0.143115582628959,0.417794115711974,0.0980011969639503
"95",0.36600319040802,0.203276363533873,0.332929832558761,0.0977906134993453
"96",0.162571921899549,0.0542067524928748,0.433075965831016,0.35014535977656
"97",0.267260853249641,0.422798602561961,0.153699234315714,0.156241309872685
"98",0.0190059953303877,0.114073305686076,0.747728624477993,0.119192074505543
"99",0.392529689335125,0.18401120201044,0.294525647937656,0.128933460716779
"100",0.16218971177212,0.546309233857571,0.149906354874944,0.141594699495365
"101",0.172655210344579,0.506140330035965,0.0779125344396504,0.243291925179806
"102",0.338505327758477,0.351920434945539,0.123222128361544,0.18635210893444
"103",0.173460486256047,0.121809354825362,0.674499779051761,0.0302303798668299
"104",0.151800728137116,0.183610869414358,0.457701318154046,0.20688708429448
"105",0.129851996657088,0.353420264613626,0.0707788510248287,0.445948887704457
"106",0.839807596157744,0.0801629249898168,0.0274465118284726,0.0525829670239669
"107",0.107255386353333,0.360213041707548,0.187824109701666,0.344707462237453
"108",0.494451683021962,0.130730652873949,0.0787122933509052,0.296105370753184
"109",0.226452111996662,0.653159874863271,0.0735545966386913,0.0468334165013758
"110",0.479428811948342,0.0371286149816926,0.146330437472349,0.337112135597617
"111",0.29422119209107,0.258002528198924,0.231586101023304,0.216190178686702
"112",0.226489587070924,0.507140348659029,0.137350288233164,0.129019776036883
"113",0.107876434079617,0.416065218287769,0.153095488189105,0.322962859443509
"114",0.0677178002672703,0.40137031525587,0.326676307468588,0.204235577008272
"115",0.0352708950824382,0.180337531688827,0.0123743924653445,0.772017180763391
"116",0.0278293903050336,0.194891996107519,0.178352770147081,0.598925843440367
"117",0.42878226800309,0.236789320999574,0.0664849258612048,0.267943485136131
"118",0.0997784532680264,0.157240482296677,0.0926415120206062,0.65033955241469
"119",0.366361774097287,0.542288705695103,0.00928635475279284,0.082063165454817
"120",0.134616906998937,0.707909629127735,0.0545714672117886,0.10290199666154
"121",0.120282145963762,0.473157229211461,0.10339125189426,0.303169372930516
"122",0.171872168848009,0.476768904241967,0.139936581258566,0.211422345651457
"123",0.172086942705821,0.311020925393152,0.0787151731100863,0.438176958790941
"124",0.0691377421330277,0.040433765136522,0.156805056243676,0.733623436486775
"125",0.046130849348671,0.173573651226784,0.0727412872789262,0.707554212145619
"126",0.0177953267294604,0.0774871069278605,0.0661290075383542,0.838588558804325
"127",0.0697064008329326,0.0300391219619147,0.0365544068263642,0.863700070378788
"128",0.0846013569108515,0.0231252873257886,0.0656293931609026,0.826643962602457
"129",0.363211941937258,0.0732458238858135,0.104079080819017,0.459463153357912
"130",0.247348641829305,0.0457663112041705,0.668289852766187,0.0385951942003373
"131",0.176524705982397,0.520996163350694,0.0348221604434704,0.267656970223438
"132",0.316583837477831,0.114143505276804,0.394615640107014,0.174657017138351
"133",0.11718446510373,0.555727731618545,0.192108220302878,0.134979582974846
"134",0.0473565473162816,0.544692353113509,0.353534913069657,0.054416186500553
"135",0.210258888643893,0.640500684947637,0.0655781313795927,0.0836622950288779
"136",0.0379832404570736,0.305946944458697,0.148244698308842,0.507825116775388
"137",0.127375598640403,0.204246917224077,0.076839852813848,0.591537631321672
"138",0.0881138075539467,0.200320237602834,0.32721328073538,0.384352674107839
"139",0.11677726069375,0.0553323293901376,0.398186439609865,0.429703970306247
"140",0.243941834774567,0.0506560995207611,0.0603907724485029,0.645011293256169
"141",0.0231646814815484,0.36342050874114,0.419699011497723,0.193715798279588
"142",0.374880358144198,0.0962713938904796,0.0364250402865276,0.492423207678794
"143",0.156892680964143,0.111587804282311,0.308084054984822,0.423435459768724
"144",0.328689199857714,0.187949798931407,0.0922666479141266,0.391094353296752
"145",0.0483027024686017,0.0958757354850686,0.278506647108047,0.577314914938283
"146",0.192211313361701,0.489118381845092,0.0728394293732424,0.245830875419965
"147",0.0557324908792756,0.0517478351778383,0.534983265177584,0.357536408765302
"148",0.405244328348926,0.209242466268141,0.085566848196841,0.299946357186093
"149",0.249301489034503,0.21442658390035,0.131199431938761,0.405072495126386
"150",0.085647308658437,0.338662897654278,0.461301197538933,0.114388596148351
"151",0.259121368993038,0.395306543258447,0.173125259384505,0.17244682836401
"152",0.235031702946767,0.320497634163291,0.365044325102863,0.0794263377870787
"153",0.201425000487565,0.330393668756028,0.258598095718224,0.209583235038182
"154",0.0846073958398838,0.159209996021506,0.721228849177385,0.034953758961225
"155",0.0369328714050486,0.113486733588652,0.64184047002824,0.20773992497806
"156",0.0410419004037313,0.238482956233105,0.650358142042115,0.0701170013210488
"157",0.110078826984789,0.368704877188946,0.133982214767565,0.3872340810587
"158",0.244239353716306,0.224044543256484,0.157851718878549,0.373864384148661
"159",0.0950834254846694,0.536892535163142,0.169701395668627,0.198322643683561
"160",0.0428806077906723,0.0844473099578519,0.716718322370808,0.155953759880668
"161",0.562005244640864,0.242397193129505,0.0994537819639836,0.0961437802656482
"162",0.0130954053606735,0.724823348074392,0.0908889036737684,0.171192342891166
"163",0.512630549588013,0.0978373927349905,0.159082731872938,0.230449325804059
"164",0.0562835665022661,0.0657949447596485,0.453353762587934,0.424567726150152
"165",0.564417206682341,0.061984328595869,0.246923616065976,0.126674848655814
"166",0.0611170151495437,0.125033696853196,0.0942365547801636,0.719612733217097
"167",0.21867322838375,0.130911726069314,0.0661902404621604,0.584224805084775
"168",0.74269841323685,0.0971264203661834,0.088255380180981,0.0719197862159853
"169",0.370239418077401,0.524127636687714,0.0645732358681249,0.0410597093667605
"170",0.176475625254191,0.0893400424428452,0.597074989769263,0.137109342533701
"171",0.297950398262914,0.442475330669112,0.114800343130896,0.144773927937077
"172",0.093263195135466,0.775235025209989,0.0435788690161027,0.0879229106384419
"173",0.0866913329089984,0.400447930950118,0.293912082143576,0.218948653997307
"174",0.161812995819418,0.26770869602065,0.316794217473043,0.253684090686889
"175",0.0409101011379012,0.147598778656122,0.769437290287664,0.0420538299183125
"176",0.118327380776147,0.446210708146426,0.229742697729685,0.205719213347741
"177",0.522157223696928,0.277415556563565,0.17445455855785,0.0259726611816569
"178",0.197408526954104,0.104588754389575,0.195558641882985,0.502444076773336
"179",0.126651804947761,0.667300823825244,0.102223796526278,0.103823574700717
"180",0.602638277982211,0.0311954510049956,0.342347370119018,0.0238189008937752
"181",0.245450323380843,0.484654445024903,0.138689729513303,0.131205502080951
"182",0.504310026251581,0.332729601917459,0.129711088528301,0.0332492833026585
"183",0.461233952095421,0.0541780344248427,0.240755443464453,0.243832570015283
"184",0.172027651335656,0.16269211204292,0.609276041296944,0.0560041953244797
"185",0.0718947474285625,0.0807255356218354,0.113425824872289,0.733953892077313
"186",0.411400681638793,0.157016061516333,0.0329522486347012,0.398631008210172
"187",0.129227433228115,0.527433751918037,0.0507669273072686,0.29257188754658
"188",0.394421732907266,0.311325252030682,0.207159185482767,0.0870938295792851
"189",0.301251888062864,0.0815060247096654,0.281471299167585,0.335770788059885
"190",0.136286548576737,0.261914441806055,0.32747761885099,0.274321390766218
"191",0.304987264468746,0.52058566699713,0.119865817173275,0.054561251360849
"192",0.0168245177812546,0.497834346235983,0.0981003495852619,0.387240786397501
"193",0.170377936658434,0.329041650242441,0.388472192076554,0.112108221022571
"194",0.10621966002065,0.401319413843685,0.216080386537669,0.276380539597997
"195",0.288125790556307,0.180621533801718,0.110301037804837,0.420951637837138
"196",0.0913769750329697,0.56048464825501,0.0519702621325487,0.296168114579472
"197",0.20835789070512,0.19124813463224,0.48992932362426,0.110464651038381
"198",0.0220955061155541,0.73294031073098,0.193543527004576,0.0514206561488892
"199",0.380179074893504,0.391466223160688,0.069990349687292,0.158364352258516
"200",0.0951135388390802,0.0751984042926565,0.690628117543106,0.139059939325157
"201",0.0325411231044465,0.329504029056191,0.237026587975826,0.400928259863537
"202",0.33517637970238,0.205652479078977,0.324334979020974,0.134836162197668
"203",0.0794142962008991,0.642523446544808,0.0763587672716581,0.201703489982634
"204",0.231565761612381,0.482448530315803,0.0597020579976393,0.226283650074177
"205",0.18491348579036,0.394761330325355,0.0649289043873618,0.355396279496923
"206",0.106510538585363,0.230357767404951,0.527219090781022,0.135912603228664
"207",0.0702979959583396,0.236554690823729,0.176502456002587,0.516644857215345
"208",0.548528327401383,0.0426786223767932,0.229756701373068,0.179036348848756
"209",0.137938861290442,0.317692127204363,0.308270508562562,0.236098502942633
"210",0.027831392995478,0.368611699631529,0.10745497978938,0.496101927583613
"211",0.0865533303883685,0.058080225911768,0.018714937987742,0.836651505712122
"212",0.0739167767384174,0.196265710200022,0.185114509518094,0.544703003543466
"213",0.290315595800582,0.159817657221123,0.184047091148308,0.365819655829986
"214",0.579274449689962,0.0735550342773553,0.116802368697865,0.230368147334817
"215",0.221966050310098,0.482383837928538,0.128352909984298,0.167297201777066
"216",0.119982654287286,0.177833448067038,0.609785862121735,0.0923980355239411
"217",0.124358244907369,0.215973733202622,0.597545001965144,0.0621230199248649
"218",0.547894120942869,0.11140707942513,0.088471576429441,0.25222722320256
"219",0.263281363938331,0.0694065820749172,0.522148892318124,0.145163161668628
"220",0.577129678979096,0.0355720991943928,0.308616780608027,0.0786814412184839
"221",0.116867121470286,0.592971426096899,0.125238907799376,0.164922544633439
"222",0.668005949195119,0.150588644236901,0.150926602687108,0.0304788038808726
"223",0.464139180437189,0.0242434637639614,0.433275793324797,0.0783415624740522
"224",0.0769816781146749,0.123753105587096,0.684333375648265,0.114931840649964
"225",0.0284656127565066,0.0534650100321317,0.0559488865274485,0.862120490683913
"226",0.141108086307856,0.101747126809702,0.333895394785548,0.423249392096894
"227",0.0433700573758298,0.272111944831504,0.190338688782995,0.494179309009671
"228",0.169253442073001,0.14862401391738,0.0658566439509161,0.616265900058703
"229",0.0683771916786199,0.314800360337675,0.45140281596334,0.165419632020364
"230",0.57264443785884,0.151363382731856,0.0669036405671405,0.209088538842163
"231",0.151604842923842,0.420225324223808,0.293077130156334,0.135092702696015
"232",0.0811626661892815,0.362384738154773,0.278602731347322,0.277849864308623
"233",0.169230935534567,0.0360864734529137,0.747815715914612,0.046866875097908
"234",0.470698681878442,0.145782823204115,0.304651032497753,0.0788674624196906
"235",0.0399840722708714,0.764359593898729,0.0289794375754031,0.166676896254996
"236",0.241478955734345,0.0992091892173312,0.205204730927496,0.454107124120828
"237",0.0434717930531212,0.196544373796409,0.0121628642567865,0.747820968893683
"238",0.0325937074923488,0.0863164557027222,0.135940605799911,0.745149231005018
"239",0.030888955471369,0.327278631403447,0.145689215639124,0.49614319748606
"240",0.0183311570025063,0.271364626155319,0.636446983235947,0.0738572336062278
"241",0.355304493451369,0.0763085217508323,0.494183354530483,0.0742036302673163
"242",0.0206303397352456,0.390872582830841,0.375427052601688,0.213070024832226
"243",0.391196790815521,0.0901149701465746,0.1642730469808,0.354415192057104
"244",0.079772837378524,0.751101037520654,0.0809981916487797,0.0881279334520419
"245",0.144249258180714,0.244918552376549,0.096281912696126,0.514550276746611
"246",0.14033134739897,0.0683836690967708,0.44128973228743,0.349995251216829
"247",0.130805757111716,0.254054994045044,0.432544767433815,0.182594481409424
"248",0.472199895201884,0.217078459932022,0.0652297164548002,0.245491928411294
"249",0.250347534411969,0.389873733723309,0.170927416386396,0.188851315478327
"250",0.197375222649822,0.084261401054707,0.427042777797571,0.2913205984979
"251",0.659839940767342,0.0243168473459313,0.12233568341509,0.193507528471637
"252",0.439920213991573,0.109144343042338,0.289850652086338,0.161084790879751
"253",0.0415416639787071,0.199110850952732,0.573333925859915,0.186013559208646
"254",0.365614130756807,0.0592929957371762,0.220691801700578,0.354401071805439
"255",0.339549269283935,0.0601310709507912,0.157432016521843,0.442887643243431
"256",0.122143783187952,0.234427194087184,0.315016423041228,0.328412599683636
"257",0.04965860020847,0.28251828245065,0.48193718846569,0.18588592887519
"258",0.147018714376722,0.0984548895467066,0.40796400343682,0.346562392639752
"259",0.107913851249093,0.0744106025595749,0.520847108534986,0.296828437656346
"260",0.0403100086362581,0.581435294817191,0.0818318294415429,0.296422867105009
"261",0.123388026396439,0.0419624541787042,0.296420825429324,0.538228693995533
"262",0.407658130582245,0.057084963256798,0.0511457004523832,0.484111205708574
"263",0.248403782389497,0.158725667271942,0.0826886224284497,0.510181927910111
"264",0.147676026586534,0.0491619819060267,0.240019413548562,0.563142577958877
"265",0.0656000921547733,0.161437411012421,0.0254782296682786,0.747484267164527
"266",0.074819522702786,0.135178943249042,0.0957102369498861,0.694291297098286
"267",0.130338711729089,0.08552075850976,0.0182166044624824,0.765923925298668
"268",0.122243750128803,0.114422781089787,0.118741482253613,0.644591986527798
"269",0.0567220373771658,0.0940718917669173,0.074939949353595,0.774266121502322
"270",0.0557136647814663,0.119276518125433,0.0191076619652774,0.805902155127823
"271",0.101900004020061,0.182022964271508,0.0628340315847675,0.653243000123664
"272",0.115325197199302,0.0639346552375151,0.0327737961926832,0.787966351370499
"273",0.361630510107942,0.125484223146252,0.124359836626235,0.388525430119572
"274",0.0539801336959805,0.422895706582507,0.161332050913914,0.361792108807599
"275",0.0534007034401486,0.308296117826403,0.382157504505531,0.256145674227918
"276",0.0578225781194301,0.460176839360436,0.134102446518246,0.347898136001887
"277",0.300280359088384,0.101856970327984,0.32037197666337,0.277490693920261
"278",0.597940910496207,0.183445370304381,0.0403828770183898,0.178230842181022
"279",0.0888599189167576,0.183957440301299,0.159495232527283,0.56768740825466
"280",0.220713890876337,0.0551054091450915,0.107715110839649,0.616465589138922
"281",0.414093854913744,0.114974074293078,0.0381984706835186,0.43273360010966
"282",0.317215933014765,0.149633026003289,0.0826435537303583,0.450507487251588
"283",0.24760616826897,0.0563563543254481,0.351861350606659,0.344176126798923
"284",0.63902226844348,0.0976686074321156,0.051699744583986,0.211609379540419
"285",0.0465919587622967,0.731788716979565,0.011182452645728,0.21043687161241
"286",0.223800102132825,0.119259927673381,0.23139828010855,0.425541690085243
"287",0.0874326172017461,0.0829104213036583,0.491769808481482,0.337887153013114
"288",0.0489854863086702,0.623473707005872,0.132602844349387,0.19493796233607
"289",0.296313531992128,0.121625343762484,0.324969369907497,0.257091754337891
"290",0.531467677994615,0.0620834968882287,0.165276818276616,0.241172006840539
"291",0.266685153453807,0.322779514861617,0.076385162497067,0.334150169187509
"292",0.0481299814944327,0.0495192109014959,0.807288656756045,0.0950621508480268
"293",0.283022759020852,0.317383992298603,0.112601563553467,0.286991685127078
"294",0.0589085490484855,0.135684871708763,0.320827162659293,0.484579416583459
"295",0.333083603448914,0.217633726553973,0.0558277361980401,0.393454933799074
"296",0.0536922954636699,0.208201986729934,0.159872775943256,0.57823294186314
"297",0.465545863399141,0.116538168909454,0.0432881301559107,0.374627837535495
"298",0.0482358913177156,0.0416738192587846,0.0347392269456539,0.875351062477846
"299",0.0472954837037308,0.0517196120673487,0.314249872947863,0.586735031281057
"300",0.0372902074327827,0.269255889026614,0.236370191147538,0.457083712393065
"301",0.32485617334071,0.0643978675128789,0.0750213469490096,0.535724612197401
"302",0.132706873574539,0.436803936074635,0.404032164867941,0.0264570254828855
"303",0.0741061439129759,0.0902501506509006,0.809410060387686,0.0262336450484372
"304",0.513112446046704,0.171705438014364,0.299638890737593,0.015543225201339
"305",0.102798909332251,0.763698881326261,0.126094171112863,0.00740803822862425
"306",0.0643557473833856,0.514408982624878,0.124018113940702,0.297217156051034
"307",0.422198443139392,0.212922032369053,0.139740255647006,0.225139268844549
"308",0.388744532961306,0.300073039967799,0.103668169935009,0.207514257135886
"309",0.268924077151071,0.179328713301282,0.176165273776477,0.37558193577117
"310",0.0497745755397005,0.283804967435446,0.525261521003741,0.141158936021113
"311",0.307047244335869,0.167556990842787,0.173043477216755,0.352352287604589
"312",0.290820528786098,0.037466506255348,0.372921649362,0.298791315596554
"313",0.0326335465960419,0.137767823146732,0.212829607920316,0.61676902233691
"314",0.0969701573516149,0.342114158637397,0.0530222406025814,0.507893443408406
"315",0.0335811249614119,0.102401915440839,0.631249510015787,0.232767449581962
"316",0.143155320427748,0.174383489646627,0.113214299322415,0.56924689060321
"317",0.0519109686650527,0.291068065999843,0.0937385905163984,0.563282374818706
"318",0.0106235201470211,0.124382394255814,0.180766174751862,0.684227910845303
"319",0.0646127235104921,0.0910439342581967,0.267421855272207,0.576921486959104
"320",0.291916663791087,0.112816355387029,0.0854882761853345,0.509778704636549
"321",0.29886938433489,0.151557972420086,0.0588756306783783,0.490697012566645
"322",0.429621791052979,0.39561564153629,0.0206962093292899,0.154066358081441
"323",0.021539868565287,0.113143319383003,0.00557144595834554,0.859745366093364
"324",0.635798089023449,0.119100794017797,0.0328233558423396,0.212277761116414
"325",0.329692031348381,0.121622842264083,0.0882430050697442,0.460442121317792
"326",0.621755258301338,0.0649698346624383,0.0200960464998131,0.29317886053641
"327",0.174122509576244,0.193294437959347,0.10222475345197,0.530358299012439
"328",0.126049488247492,0.0743464540475816,0.643780258727257,0.155823798977669
"329",0.341952452425004,0.0389293002590123,0.052767835571112,0.566350411744872
"330",0.0526587631113876,0.2088321477043,0.281283756653445,0.457225332530868
"331",0.0711221890870496,0.257700550896759,0.287384377842138,0.383792882174053
"332",0.330133709703887,0.238620606781472,0.0854884948658905,0.345757188648751
"333",0.125410305622543,0.162372454062397,0.313648389577059,0.398568850738001
"334",0.126843777716004,0.114395078395434,0.0516585907514793,0.707102553137083
"335",0.113405592572017,0.257321535506846,0.207123314174741,0.422149557746396
"336",0.135850932818381,0.202252929826232,0.25491100385708,0.406985133498308
"337",0.125895270515422,0.728958968001294,0.0366367530383476,0.108509008444937
"338",0.21640331050232,0.338657250174376,0.0765764278610333,0.36836301146227
"339",0.0450212253237895,0.439286686058553,0.252050521323752,0.263641567293905
"340",0.164637993864936,0.529178018529988,0.0487204885786973,0.257463499026379
"341",0.12568776634714,0.260243258323589,0.0435224406515585,0.570546534677713
"342",0.0745312560277901,0.038335808566664,0.0196262134607265,0.867506721944819
"343",0.11389700149416,0.131073535286937,0.157902184722003,0.597127278496899
"344",0.0304163237530291,0.152599486590245,0.0306370802334283,0.786347109423298
"345",0.0664470301704954,0.184678223664751,0.167123550181823,0.581751195982931
"346",0.0279712636058851,0.618911813660852,0.0561017577995254,0.297015164933737
"347",0.722886434386928,0.174237021783482,0.0071184752569994,0.0957580685725906
"348",0.0854126574180267,0.276229815574623,0.0654809858179141,0.572876541189436
"349",0.279701772766593,0.0549265574094497,0.0710369708541645,0.594334698969793
"350",0.265863194536596,0.0948520796941559,0.225412572472973,0.413872153296276
"351",0.189187271504368,0.117366983832429,0.533368324596026,0.160077420067177
"352",0.0552330528985535,0.211475159902243,0.169908180039803,0.5633836071594
"353",0.429201324609571,0.199342168135627,0.164784398865145,0.206672108389657
"354",0.512502930129522,0.120391527049274,0.235672862595887,0.131432680225318
"355",0.180049926605804,0.274196235683623,0.161230015106817,0.384523822603756
"356",0.163003246647613,0.232548078505957,0.401004618090506,0.203444056755923
"357",0.36239357461227,0.155133228846228,0.224407855051553,0.258065341489949
"358",0.118012184490099,0.10554032658319,0.745474159052163,0.030973329874547
"359",0.321664944576523,0.325193310156931,0.0562441788246209,0.296897566441926
"360",0.0425634089898818,0.796834257267611,0.0421461037458822,0.118456229996625
"361",0.0703838175996543,0.2750037603095,0.397865204062824,0.256747218028021
"362",0.0738253101895908,0.191315723570182,0.574309087895799,0.160549878344428
"363",0.0413998648927155,0.562002111911697,0.178873561032158,0.21772446216343
"364",0.186699205508223,0.168490499087669,0.348887359760202,0.295922935643906
"365",0.128987433188544,0.231470806841566,0.391106154391848,0.248435605578042
"366",0.405065086485504,0.0485911336634896,0.151826031611963,0.394517748239043
"367",0.302654754356287,0.0860277947322816,0.177108844506288,0.434208606405143
"368",0.158366111315682,0.0684244147144059,0.13666184610441,0.636547627865501
"369",0.120591154918325,0.376726560554437,0.182934669739517,0.319747614787721
"370",0.19393886539693,0.209930959581537,0.261122227419047,0.335007947602486
"371",0.0935663522061669,0.307491507545956,0.488316938201399,0.110625202046477
"372",0.100235006437143,0.319433020698617,0.33339499210061,0.246936980763631
"373",0.096263710934011,0.269949906881839,0.24689233697011,0.38689404521404
"374",0.268467012952163,0.0308471911554926,0.615976824718022,0.0847089711743218
"375",0.282364948197947,0.0761870656975778,0.172225835386111,0.469222150718364
"376",0.130993620591333,0.314675604476247,0.125022528337856,0.429308246594565
"377",0.144020978758336,0.202000021862379,0.281974210999832,0.372004788379453
"378",0.432661589574188,0.206569599584486,0.145379094572928,0.215389716268398
"379",0.0666952351964862,0.233378961051566,0.0988013844960925,0.601124419255855
"380",0.102083327505093,0.782927963784565,0.0444076151945743,0.0705810935157675
"381",0.334786727761551,0.238391800340442,0.2805408841951,0.146280587702908
"382",0.433840095713506,0.203605631160836,0.167525756711015,0.195028516414642
"383",0.258129813708167,0.0554398067706729,0.535361961859554,0.151068417661606
"384",0.0293102167838029,0.698522973331262,0.186935992213398,0.085230817671537
"385",0.742669950391823,0.0743635655921302,0.088831139968847,0.0941353440471995
"386",0.0249300665480884,0.744408571338124,0.11645399826411,0.114207363849678
"387",0.11533485321458,0.294528445332636,0.306925972129395,0.28321072932339
"388",0.0360400115126937,0.11408103095064,0.401551689473075,0.448327268063591
"389",0.488835405275939,0.120844352839861,0.0480010113538497,0.342319230530351
"390",0.0235993722808034,0.117939842093805,0.242759582434155,0.615701203191236
"391",0.60902515049544,0.0891830436338118,0.0361448092628215,0.265646996607927
"392",0.13885362421168,0.310322841563084,0.0739505780477645,0.476872956177472
"393",0.32060381559552,0.293590570176788,0.0502568365415213,0.335548777686171
"394",0.108955069947629,0.153486922351747,0.190894706944362,0.546663300756262
"395",0.0800684674597422,0.0600268316093849,0.789551520664808,0.070353180266065
"396",0.66993999685404,0.119706323325078,0.112181582608475,0.0981720972124069
"397",0.148980610575922,0.5090364146875,0.23803739024166,0.103945584494918
"398",0.647532738808822,0.106926325082486,0.0295772913812245,0.215963644727468
"399",0.226662886444282,0.203010836145352,0.421482394608023,0.148843882802343
"400",0.393587097548603,0.270564138888841,0.134150260096789,0.201698503465767
"401",0.427393824365545,0.111292650432042,0.143145788894018,0.318167736308395
"402",0.143191612312818,0.403870832906363,0.144651186474599,0.30828636830622
"403",0.142080959693512,0.19783526626225,0.258037224840577,0.402046549203661
"404",0.333755706780551,0.149876771357392,0.202530447829789,0.313837074032267
"405",0.13670199219043,0.104043107131675,0.674104370596738,0.0851505300811565
"406",0.183730929983976,0.550519353116985,0.119909937508468,0.145839779390571
"407",0.213303604271101,0.476350395701785,0.0911723484665074,0.219173651560607
"408",0.0698149124643891,0.255517117062582,0.378692028212697,0.295975942260332
"409",0.190028484018637,0.109589037662615,0.210794217155738,0.48958826116301
"410",0.0629365287695391,0.0499587618874946,0.567229256042791,0.319875453300175
"411",0.071820773223568,0.0664932210686967,0.648823795376348,0.212862210331387
"412",0.213820003138033,0.470263342729003,0.215506852710358,0.100409801422606
"413",0.183386519740938,0.0444500562963501,0.197971058791134,0.574192365171579
"414",0.102890946817735,0.533353040688977,0.104741729878348,0.25901428261494
"415",0.172466759258394,0.13933539178624,0.1331635526938,0.555034296261566
"416",0.0513974106495271,0.184261058207955,0.330274525441265,0.434067005701253
"417",0.19607307679158,0.164640556342155,0.546693668397286,0.0925926984689792
"418",0.491111376387586,0.373497310109777,0.108165294922491,0.0272260185801457
"419",0.491847976223783,0.296769403649873,0.125244937755802,0.0861376823705421
"420",0.753464118911194,0.171323334813331,0.062954483520406,0.0122580627550693
"421",0.534677316101211,0.136700140321835,0.264598396615367,0.0640241469615876
"422",0.24503904540392,0.573806501741517,0.160969214343902,0.0201852385106609
"423",0.467793693821461,0.290747004647152,0.191046631816225,0.0504126697151613
"424",0.313929171699475,0.206782771542301,0.424201372756227,0.0550866840019965
"425",0.135649920570854,0.322054509036366,0.418444019673251,0.123851550719529
"426",0.151631828024343,0.230787844526306,0.502434535866689,0.115145791582662
"427",0.509442463002258,0.17738426306066,0.220619592815955,0.0925536811211282
"428",0.0714432965039729,0.384917509313868,0.241632124782203,0.302007069399956
"429",0.534134247283459,0.375366799390035,0.077131957755646,0.0133669955708602
"430",0.067080111891791,0.145180233804739,0.707015464796439,0.0807241895070302
"431",0.416359245219933,0.296752663013061,0.14808833163813,0.138799760128876
"432",0.497123564963771,0.0746012479455594,0.266374155164575,0.161901031926095
"433",0.114942700204333,0.716856037001445,0.0961347650785253,0.0720664977156972
"434",0.0559489228465134,0.10193573376929,0.800946834020844,0.0411685093633535
"435",0.21953750893035,0.088923134368227,0.634199454478262,0.0573399022231613
"436",0.0380116874453772,0.0946931137831657,0.828711147382279,0.0385840513891777
"437",0.00961115128131183,0.144391859956372,0.727486822187594,0.118510166574722
"438",0.530151633707954,0.213788846624568,0.0837774359483465,0.172282083719132
"439",0.0284979058888218,0.140333459313091,0.110833838077498,0.720334796720589
"440",0.626097182508926,0.253159572673146,0.0650156423607285,0.0557276024571996
"441",0.0867303937065043,0.0363638194845015,0.183326434804116,0.693579352004878
"442",0.10803549156528,0.374185703010306,0.194085341275499,0.323693464148915
"443",0.63862745497167,0.0440381835275123,0.0981737841754675,0.21916057732535
"444",0.36108099115627,0.0521567235127099,0.22055217176322,0.3662101135678
"445",0.431319943432801,0.103052009246415,0.32895760191741,0.136670445403374
"446",0.0412145131840241,0.0601163918108432,0.663111540503714,0.235557554501419
"447",0.0353950159395596,0.0673221660908372,0.723467410974524,0.173815406995079
"448",0.0768126626971014,0.204446923512492,0.0997853217847791,0.618955092005627
"449",0.320112225607092,0.178079589467558,0.345431144055881,0.156377040869468
"450",0.0733591390376142,0.292817546693603,0.547115079110596,0.0867082351581876
"451",0.244934117780305,0.265050280490288,0.128137243623372,0.361878358106035
"452",0.165710390914937,0.213197296681025,0.198737621031982,0.422354691372056
"453",0.340211554216113,0.328297449540681,0.0405157626449389,0.290975233598267
"454",0.139548348136633,0.254065531040625,0.350253471446451,0.25613264937629
"455",0.147327299996901,0.494756620178103,0.301813912937236,0.0561021668877604
"456",0.115356760427681,0.355165889659346,0.483310539423568,0.0461668104894047
"457",0.101627229076594,0.600949227300091,0.144175221986295,0.15324832163702
"458",0.27530281711289,0.14852645212225,0.329707836517082,0.246462894247778
"459",0.529356892619737,0.200406798093953,0.169369450655697,0.100866858630613
"460",0.354902077509204,0.430138794164007,0.089917087747448,0.12504204057934
"461",0.131360979177614,0.240737761738903,0.353243242739364,0.274658016344119
"462",0.528760850201236,0.291901702449343,0.0322879332758649,0.147049514073556
"463",0.397039150303,0.0844893397672458,0.348173810211997,0.170297699717757
"464",0.333446087163647,0.236674031017533,0.039298223818695,0.390581658000124
"465",0.162977823934762,0.290783320644395,0.0717763152391984,0.474462540181645
"466",0.186146823189183,0.480751277748996,0.0695323207735873,0.263569578288234
"467",0.241451442507329,0.409052795593486,0.0288663155340675,0.320629446365118
"468",0.0627009226755896,0.140741144964465,0.541395362803899,0.255162569556047
"469",0.0246923553281151,0.305810183003331,0.425147462516488,0.244349999152066
"470",0.18087441126212,0.274731610728686,0.0831987870156946,0.461195190993499
"471",0.268112641189586,0.314566501352273,0.0687095480963735,0.348611309361767
"472",0.043856076337384,0.665830185332657,0.0582071588910019,0.232106579438957
"473",0.0557970856626267,0.184592809686082,0.682658452890978,0.0769516517603135
"474",0.194053490828913,0.0909344641968161,0.512656070738147,0.202355974236125
"475",0.0575441284726018,0.16846624007266,0.619469880911264,0.154519750543474
"476",0.365747527040023,0.110039844395254,0.324142033176901,0.200070595387821
"477",0.239334623432991,0.073115238542251,0.312145210923652,0.375404927101106
"478",0.385319135176744,0.13429978381052,0.247551542331356,0.23282953868138
"479",0.292700238571856,0.219788022906932,0.151936077922665,0.335575660598546
"480",0.503518898896655,0.262558446865431,0.148789185521318,0.0851334687165953
"481",0.144064658585204,0.407512339963648,0.406513553194485,0.0419094482566622
"482",0.0476161829060294,0.744191226602671,0.0731580444522495,0.13503454603905
"483",0.518003044635164,0.105506342623088,0.307840651729221,0.0686499610125276
"484",0.0217645260396141,0.846544487515709,0.077098227250383,0.0545927591942941
"485",0.409583158724617,0.197381217678478,0.192720778260912,0.200314845335994
"486",0.1671354027911,0.0572135468208877,0.444152899401599,0.331498150986414
"487",0.19034861845432,0.435041494355238,0.0892755496067211,0.285334337583721
"488",0.241022535317117,0.0657157021192385,0.291020888886147,0.402240873677498
"489",0.0870081751157455,0.0506377175197947,0.464438113150972,0.397915994213488
"490",0.606314876622654,0.126589496568561,0.136893689581936,0.130201937226849
"491",0.194994229133888,0.254360980464217,0.0960936932259794,0.454551097175916
"492",0.0524224169368966,0.0420056689996837,0.316164281309029,0.589407632754391
"493",0.482967126126854,0.105497205688512,0.275646562069012,0.135889106115622
"494",0.25055620786033,0.0802504900544459,0.482876663304486,0.186316638780738
"495",0.0513529507212502,0.0883770514568938,0.453482492914558,0.406787504907298
"496",0.220920411725685,0.317384689994368,0.0899237743084929,0.371771123971454
"497",0.221115811700189,0.0910165669401936,0.371395319362041,0.316472301997576
"498",0.110903012491276,0.0823810546091623,0.135709561766576,0.671006371132985
"499",0.246443771066248,0.163538235106319,0.10590586678208,0.484112127045354
"500",0.170860802903074,0.0801812236205225,0.109061612413587,0.639896361062816
"501",0.313850948438173,0.603703213621323,0.0649448950110879,0.017500942929416
"502",0.144091816532609,0.481511156461711,0.367065062689777,0.00733196431590198
"503",0.0850401712158883,0.621695208183016,0.206429546434776,0.0868350741663196
"504",0.150349582310038,0.313683538672994,0.513620257898293,0.0223466211186744
"505",0.0202418576842181,0.397715950847796,0.575338659647664,0.00670353182032138
"506",0.0393410898632629,0.8992899662521,0.0534425351896485,0.00792640869498895
"507",0.218629863966062,0.727908313873315,0.0341636487455673,0.0192981734150555
"508",0.175911603144596,0.342814908060092,0.347319544873802,0.13395394392151
"509",0.117754125155475,0.586411100677626,0.168814261687519,0.12702051247938
"510",0.554713866949098,0.101100795463896,0.0670097813447302,0.277175556242276
