"","Ch1","Ch2","Ch3","Ch4"
"1",0.174,0.158,0.179,0.489
"2",0.347,0.134,0.122,0.397
"3",0.126,0.384,0.183,0.307
"4",0.2175,0.3085,0.1815,0.2925
"5",0.109,0.3905,0.1585,0.342
"6",0.3285,0.198,0.1165,0.357
"7",0.433,0.1485,0.1415,0.277
"8",0.144,0.2125,0.1145,0.529
"9",0.276,0.3735,0.092,0.2585
"10",0.183,0.208,0.132,0.477
"11",0.3515,0.1505,0.184,0.314
"12",0.141,0.201,0.154,0.504
"13",0.1645,0.183,0.165,0.4875
"14",0.146,0.2155,0.1525,0.486
"15",0.154,0.3535,0.092,0.4005
"16",0.115,0.2885,0.1195,0.477
"17",0.181,0.2045,0.122,0.4925
"18",0.165,0.1425,0.3305,0.362
"19",0.113,0.2065,0.373,0.3075
"20",0.155,0.2995,0.2135,0.332
"21",0.358,0.272,0.167,0.203
"22",0.216,0.3485,0.136,0.2995
"23",0.293,0.367,0.1345,0.2055
"24",0.205,0.2825,0.196,0.3165
"25",0.1545,0.4125,0.2495,0.1835
"26",0.176,0.352,0.1805,0.2915
"27",0.133,0.365,0.334,0.168
"28",0.146,0.3535,0.206,0.2945
"29",0.226,0.195,0.415,0.164
"30",0.311,0.187,0.2065,0.2955
"31",0.3,0.236,0.1885,0.2755
"32",0.2195,0.146,0.306,0.3285
"33",0.323,0.2115,0.203,0.2625
"34",0.3525,0.266,0.1435,0.238
"35",0.193,0.394,0.1565,0.2565
"36",0.4545,0.2415,0.1305,0.1735
"37",0.1575,0.3915,0.218,0.233
"38",0.2405,0.22,0.185,0.3545
"39",0.17,0.1965,0.3275,0.306
"40",0.14,0.147,0.3915,0.3215
"41",0.3605,0.234,0.1425,0.263
"42",0.347,0.1905,0.1415,0.321
"43",0.136,0.1645,0.305,0.3945
"44",0.185,0.1665,0.3435,0.305
"45",0.3165,0.168,0.172,0.3435
"46",0.186,0.3365,0.2145,0.263
"47",0.1715,0.2075,0.235,0.386
"48",0.16,0.351,0.137,0.352
"49",0.1455,0.398,0.2135,0.243
"50",0.17,0.169,0.2375,0.4235
"51",0.2315,0.2175,0.187,0.364
"52",0.1825,0.1425,0.189,0.486
"53",0.2625,0.2075,0.1345,0.3955
"54",0.283,0.157,0.173,0.387
"55",0.195,0.3765,0.157,0.2715
"56",0.1915,0.1675,0.171,0.47
"57",0.3515,0.171,0.1285,0.349
"58",0.211,0.267,0.2855,0.2365
"59",0.241,0.2525,0.2125,0.294
"60",0.3455,0.177,0.2685,0.209
"61",0.1735,0.259,0.226,0.3415
"62",0.2035,0.3345,0.1645,0.2975
"63",0.2215,0.208,0.2735,0.297
"64",0.176,0.2125,0.4155,0.196
"65",0.2755,0.2495,0.292,0.183
"66",0.2135,0.339,0.262,0.1855
"67",0.227,0.259,0.3205,0.1935
"68",0.253,0.251,0.318,0.178
"69",0.227,0.229,0.2095,0.3345
"70",0.247,0.384,0.156,0.213
"71",0.156,0.254,0.389,0.201
"72",0.1595,0.2205,0.394,0.226
"73",0.24,0.1975,0.282,0.2805
"74",0.139,0.4145,0.2005,0.246
"75",0.2355,0.2395,0.197,0.328
"76",0.187,0.3,0.2415,0.2715
"77",0.196,0.2665,0.237,0.3005
"78",0.1755,0.3265,0.2205,0.2775
"79",0.1465,0.412,0.2355,0.206
"80",0.183,0.1985,0.31,0.3085
"81",0.1985,0.153,0.405,0.2435
"82",0.358,0.1975,0.169,0.2755
"83",0.188,0.2395,0.1995,0.373
"84",0.1845,0.3515,0.259,0.205
"85",0.3345,0.195,0.1715,0.299
"86",0.21,0.2075,0.246,0.3365
"87",0.1585,0.173,0.4035,0.265
"88",0.353,0.1895,0.2005,0.257
"89",0.3315,0.2485,0.152,0.268
"90",0.281,0.1745,0.3,0.2445
"91",0.2095,0.245,0.188,0.3575
"92",0.1875,0.214,0.32,0.2785
"93",0.2185,0.375,0.1755,0.231
"94",0.1455,0.2935,0.274,0.287
"95",0.25,0.2045,0.3345,0.211
"96",0.1655,0.3055,0.3365,0.1925
"97",0.3685,0.2685,0.179,0.184
"98",0.236,0.328,0.2955,0.1405
"99",0.192,0.368,0.179,0.261
"100",0.3715,0.3195,0.172,0.137
"101",0.3515,0.202,0.199,0.2475
"102",0.224,0.2345,0.3305,0.211
"103",0.1895,0.3945,0.19,0.226
"104",0.188,0.298,0.181,0.333
"105",0.1995,0.461,0.1755,0.164
"106",0.2385,0.363,0.2,0.1985
"107",0.204,0.436,0.173,0.187
"108",0.1705,0.4295,0.1995,0.2005
"109",0.252,0.2335,0.2655,0.249
"110",0.435,0.202,0.1635,0.1995
"111",0.181,0.22,0.3995,0.1995
"112",0.3565,0.2365,0.1835,0.2235
"113",0.2505,0.199,0.2665,0.284
"114",0.274,0.177,0.194,0.355
"115",0.1245,0.505,0.1215,0.249
"116",0.332,0.1385,0.2615,0.268
"117",0.288,0.189,0.1555,0.3675
"118",0.158,0.342,0.2015,0.2985
"119",0.17,0.1985,0.26,0.3715
"120",0.1755,0.318,0.1475,0.359
"121",0.4265,0.143,0.167,0.2635
"122",0.176,0.1775,0.1745,0.472
"123",0.1355,0.466,0.1755,0.223
"124",0.252,0.1205,0.297,0.3305
"125",0.341,0.2455,0.127,0.2865
"126",0.2585,0.21,0.1635,0.368
"127",0.162,0.334,0.1245,0.3795
"128",0.226,0.169,0.1325,0.4725
"129",0.278,0.165,0.205,0.352
"130",0.2905,0.2915,0.2005,0.2175
"131",0.158,0.3155,0.143,0.3835
"132",0.1375,0.239,0.383,0.2405
"133",0.2815,0.219,0.1805,0.319
"134",0.24,0.288,0.1965,0.2755
"135",0.199,0.209,0.2345,0.3575
"136",0.21,0.2775,0.203,0.3095
"137",0.1955,0.2525,0.3135,0.2385
"138",0.311,0.1995,0.234,0.2555
"139",0.3455,0.1805,0.258,0.216
"140",0.229,0.2995,0.284,0.1875
"141",0.2205,0.1755,0.3465,0.2575
"142",0.2755,0.273,0.16,0.2915
"143",0.206,0.2215,0.22,0.3525
"144",0.2445,0.2225,0.1805,0.3525
"145",0.241,0.201,0.212,0.346
"146",0.291,0.186,0.183,0.34
"147",0.2085,0.18,0.3705,0.241
"148",0.2525,0.208,0.2695,0.27
"149",0.179,0.3865,0.187,0.2475
"150",0.215,0.192,0.3635,0.2295
"151",0.196,0.1905,0.3345,0.279
"152",0.2435,0.2095,0.1895,0.3575
"153",0.471,0.149,0.175,0.205
"154",0.1485,0.288,0.3145,0.249
"155",0.209,0.301,0.181,0.309
"156",0.269,0.2995,0.26,0.1715
"157",0.3075,0.139,0.216,0.3375
"158",0.2855,0.301,0.2265,0.187
"159",0.2695,0.411,0.14,0.1795
"160",0.168,0.2125,0.283,0.3365
"161",0.149,0.3345,0.248,0.2685
"162",0.1705,0.283,0.259,0.2875
"163",0.2585,0.2805,0.268,0.193
"164",0.267,0.1655,0.3215,0.246
"165",0.2805,0.1815,0.3135,0.2245
"166",0.273,0.24,0.166,0.321
"167",0.3025,0.1845,0.1745,0.3385
"168",0.2945,0.3085,0.2025,0.1945
"169",0.2075,0.347,0.2725,0.173
"170",0.2705,0.282,0.2305,0.217
"171",0.2255,0.338,0.258,0.1785
"172",0.3045,0.2975,0.181,0.217
"173",0.288,0.1545,0.365,0.1925
"174",0.1935,0.2145,0.3535,0.2385
"175",0.258,0.1935,0.3165,0.232
"176",0.191,0.3465,0.221,0.2415
"177",0.1675,0.2375,0.424,0.171
"178",0.1775,0.343,0.225,0.2545
"179",0.1755,0.207,0.366,0.2515
"180",0.2595,0.2815,0.195,0.264
"181",0.2585,0.422,0.1865,0.133
"182",0.243,0.2385,0.293,0.2255
"183",0.2445,0.403,0.171,0.1815
"184",0.3375,0.317,0.17,0.1755
"185",0.2405,0.324,0.1795,0.256
"186",0.146,0.4345,0.229,0.1905
"187",0.213,0.3585,0.1805,0.248
"188",0.221,0.317,0.213,0.249
"189",0.191,0.4595,0.179,0.1705
"190",0.4045,0.199,0.226,0.1705
"191",0.1775,0.213,0.2145,0.395
"192",0.179,0.17,0.1595,0.4915
"193",0.322,0.1375,0.342,0.1985
"194",0.1535,0.2115,0.198,0.437
"195",0.2185,0.1585,0.3365,0.2865
"196",0.174,0.2025,0.1765,0.447
"197",0.201,0.422,0.141,0.236
"198",0.142,0.172,0.272,0.414
"199",0.209,0.159,0.1705,0.4615
"200",0.16,0.2255,0.1635,0.451
"201",0.33,0.1685,0.158,0.3435
"202",0.151,0.2215,0.1725,0.455
"203",0.2745,0.157,0.2535,0.315
"204",0.186,0.174,0.161,0.479
"205",0.154,0.1995,0.264,0.3825
"206",0.166,0.27,0.1465,0.4175
"207",0.416,0.181,0.1435,0.2595
"208",0.17,0.16,0.23,0.44
"209",0.1985,0.406,0.161,0.2345
"210",0.1995,0.344,0.1845,0.272
"211",0.25,0.279,0.228,0.243
"212",0.2475,0.326,0.1995,0.227
"213",0.176,0.3095,0.31,0.2045
"214",0.186,0.193,0.373,0.248
"215",0.173,0.2655,0.3505,0.211
"216",0.213,0.2045,0.421,0.1615
"217",0.2365,0.309,0.2735,0.181
"218",0.1555,0.26,0.4105,0.174
"219",0.1855,0.2325,0.334,0.248
"220",0.2445,0.1785,0.377,0.2
"221",0.289,0.17,0.3115,0.2295
"222",0.365,0.2095,0.1855,0.24
"223",0.1715,0.4045,0.1855,0.2385
"224",0.166,0.1945,0.444,0.1955
"225",0.2445,0.177,0.3825,0.196
"226",0.1795,0.2085,0.222,0.39
"227",0.129,0.406,0.301,0.164
"228",0.1615,0.401,0.2045,0.233
"229",0.16,0.2225,0.3525,0.265
"230",0.2395,0.23,0.1985,0.332
"231",0.176,0.23,0.3245,0.2695
"232",0.2035,0.236,0.2085,0.352
"233",0.2285,0.242,0.211,0.3185
"234",0.217,0.235,0.219,0.329
"235",0.251,0.2765,0.147,0.3255
"236",0.1855,0.266,0.2095,0.339
"237",0.1345,0.2455,0.3505,0.2695
"238",0.1785,0.222,0.2795,0.32
"239",0.179,0.198,0.335,0.288
"240",0.271,0.1995,0.2495,0.28
"241",0.2,0.3585,0.167,0.2745
"242",0.1755,0.322,0.175,0.3275
"243",0.1645,0.2525,0.3125,0.2705
"244",0.1955,0.3525,0.2795,0.1725
"245",0.2365,0.193,0.3025,0.268
"246",0.1665,0.2705,0.2815,0.2815
"247",0.2425,0.234,0.2145,0.309
"248",0.252,0.2225,0.225,0.3005
"249",0.198,0.3315,0.1745,0.296
"250",0.229,0.41,0.1445,0.2165
"251",0.2335,0.226,0.2,0.3405
"252",0.2285,0.2535,0.3205,0.1975
"253",0.2435,0.174,0.2335,0.349
"254",0.178,0.2725,0.1865,0.363
"255",0.2315,0.2575,0.2995,0.2115
"256",0.2175,0.3035,0.2795,0.1995
"257",0.266,0.179,0.322,0.233
"258",0.3285,0.1735,0.194,0.304
"259",0.1885,0.249,0.1985,0.364
"260",0.164,0.3445,0.303,0.1885
"261",0.2025,0.2405,0.2145,0.3425
"262",0.2345,0.22,0.1955,0.35
"263",0.233,0.1625,0.399,0.2055
"264",0.2595,0.2615,0.175,0.304
"265",0.216,0.364,0.145,0.275
"266",0.273,0.215,0.185,0.327
"267",0.162,0.176,0.2065,0.4555
"268",0.382,0.1625,0.124,0.3315
"269",0.1765,0.3055,0.1045,0.4135
"270",0.3265,0.2365,0.196,0.241
"271",0.256,0.2225,0.117,0.4045
"272",0.194,0.3905,0.1135,0.302
"273",0.1865,0.131,0.379,0.3035
"274",0.1795,0.438,0.1185,0.264
"275",0.232,0.185,0.368,0.215
"276",0.2225,0.1855,0.1345,0.4575
"277",0.1245,0.441,0.1585,0.276
"278",0.309,0.127,0.1395,0.4245
"279",0.452,0.1665,0.14,0.2415
"280",0.115,0.481,0.1215,0.2825
"281",0.194,0.1345,0.363,0.3085
"282",0.105,0.159,0.2695,0.4665
"283",0.1995,0.2,0.347,0.2535
"284",0.127,0.275,0.158,0.44
"285",0.139,0.3935,0.1295,0.338
"286",0.3445,0.1935,0.1225,0.3395
"287",0.2355,0.1535,0.229,0.382
"288",0.137,0.2505,0.3005,0.312
"289",0.237,0.3045,0.162,0.2965
"290",0.2315,0.393,0.154,0.2215
"291",0.1285,0.2355,0.415,0.221
"292",0.1585,0.1755,0.209,0.457
"293",0.259,0.244,0.256,0.241
"294",0.131,0.233,0.2495,0.3865
"295",0.3125,0.149,0.28,0.2585
"296",0.257,0.149,0.3365,0.2575
"297",0.15,0.358,0.2145,0.2775
"298",0.2825,0.311,0.1745,0.232
"299",0.157,0.3555,0.155,0.3325
"300",0.259,0.148,0.161,0.432
"301",0.222,0.1545,0.286,0.3375
"302",0.2345,0.4245,0.1515,0.1895
"303",0.1655,0.1325,0.3125,0.3895
"304",0.172,0.1395,0.4545,0.234
"305",0.394,0.2305,0.169,0.2065
"306",0.344,0.1555,0.1185,0.382
"307",0.1405,0.3655,0.1935,0.3005
"308",0.121,0.2015,0.3095,0.368
"309",0.1415,0.138,0.4325,0.288
"310",0.3885,0.134,0.1345,0.343
"311",0.163,0.406,0.131,0.3
"312",0.216,0.259,0.112,0.413
"313",0.4195,0.165,0.1525,0.263
"314",0.2035,0.42,0.124,0.2525
"315",0.132,0.135,0.183,0.55
"316",0.1645,0.382,0.128,0.3255
"317",0.1325,0.1255,0.152,0.59
"318",0.142,0.385,0.2045,0.2685
"319",0.1465,0.206,0.169,0.4785
"320",0.1555,0.1505,0.161,0.533
"321",0.434,0.1365,0.1285,0.301
"322",0.173,0.1505,0.155,0.5215
"323",0.124,0.354,0.1235,0.3985
"324",0.174,0.206,0.226,0.394
"325",0.1695,0.1615,0.2165,0.4525
"326",0.2495,0.1795,0.2565,0.3145
"327",0.2445,0.2205,0.116,0.419
"328",0.227,0.2855,0.1895,0.298
"329",0.4045,0.15,0.2075,0.238
"330",0.152,0.174,0.357,0.317
"331",0.2525,0.141,0.189,0.4175
"332",0.148,0.282,0.1495,0.4205
"333",0.151,0.422,0.1205,0.3065
"334",0.1475,0.165,0.3805,0.307
"335",0.213,0.185,0.168,0.434
"336",0.154,0.379,0.141,0.326
"337",0.179,0.248,0.15,0.423
"338",0.1815,0.1955,0.1505,0.4725
"339",0.193,0.1765,0.2905,0.34
"340",0.332,0.146,0.2385,0.2835
"341",0.1745,0.1845,0.3875,0.2535
"342",0.178,0.3345,0.1705,0.317
"343",0.315,0.272,0.141,0.272
"344",0.264,0.2235,0.246,0.2665
"345",0.1295,0.3715,0.248,0.251
"346",0.1455,0.264,0.251,0.3395
"347",0.1655,0.3425,0.2265,0.2655
"348",0.158,0.246,0.227,0.369
"349",0.4215,0.1535,0.171,0.254
"350",0.3135,0.2175,0.1865,0.2825
"351",0.183,0.3075,0.1715,0.338
"352",0.1635,0.3515,0.2085,0.2765
"353",0.2225,0.1925,0.192,0.393
"354",0.2285,0.225,0.337,0.2095
"355",0.167,0.422,0.148,0.263
"356",0.324,0.1815,0.135,0.3595
"357",0.333,0.246,0.1285,0.2925
"358",0.228,0.162,0.3575,0.2525
"359",0.199,0.164,0.283,0.354
"360",0.1775,0.19,0.3615,0.271
"361",0.203,0.3225,0.244,0.2305
"362",0.2645,0.346,0.158,0.2315
"363",0.234,0.1905,0.173,0.4025
"364",0.1305,0.1815,0.374,0.314
"365",0.303,0.1695,0.155,0.3725
"366",0.1695,0.284,0.279,0.2675
"367",0.2205,0.2565,0.2105,0.3125
"368",0.2495,0.168,0.2665,0.316
"369",0.314,0.129,0.2775,0.2795
"370",0.179,0.2355,0.1615,0.424
"371",0.177,0.261,0.193,0.369
"372",0.1475,0.344,0.298,0.2105
"373",0.3305,0.167,0.195,0.3075
"374",0.267,0.148,0.311,0.274
"375",0.1625,0.2115,0.2855,0.3405
"376",0.266,0.1685,0.2295,0.336
"377",0.165,0.1525,0.346,0.3365
"378",0.179,0.179,0.2655,0.3765
"379",0.1675,0.163,0.315,0.3545
"380",0.2395,0.154,0.188,0.4185
"381",0.2135,0.1215,0.4975,0.1675
"382",0.1855,0.5015,0.134,0.179
"383",0.1755,0.1485,0.463,0.213
"384",0.337,0.3495,0.112,0.2015
"385",0.134,0.148,0.552,0.166
"386",0.428,0.171,0.189,0.212
"387",0.152,0.1835,0.508,0.1565
"388",0.468,0.173,0.1465,0.2125
"389",0.182,0.521,0.141,0.156
"390",0.368,0.142,0.2595,0.2305
"391",0.1685,0.5005,0.1955,0.1355
"392",0.1775,0.141,0.5285,0.153
"393",0.118,0.1695,0.5575,0.155
"394",0.5125,0.1415,0.1655,0.1805
"395",0.1635,0.1465,0.4345,0.2555
"396",0.1595,0.4375,0.1705,0.2325
"397",0.5285,0.2075,0.122,0.142
"398",0.3485,0.1305,0.3225,0.1985
"399",0.343,0.181,0.1305,0.3455
"400",0.372,0.1995,0.1715,0.257
"401",0.254,0.198,0.2445,0.3035
"402",0.2425,0.3195,0.254,0.184
"403",0.237,0.319,0.267,0.177
"404",0.2065,0.1635,0.377,0.253
"405",0.326,0.217,0.1885,0.2685
"406",0.2085,0.187,0.369,0.2355
"407",0.309,0.198,0.2065,0.2865
"408",0.1925,0.23,0.307,0.2705
"409",0.1865,0.375,0.1985,0.24
"410",0.3395,0.2005,0.1925,0.2675
"411",0.2425,0.2805,0.3135,0.1635
"412",0.282,0.1875,0.337,0.1935
"413",0.3045,0.334,0.1915,0.17
"414",0.294,0.191,0.212,0.303
"415",0.2235,0.1985,0.3405,0.2375
"416",0.258,0.1895,0.3145,0.238
"417",0.2015,0.328,0.212,0.2585
"418",0.2685,0.247,0.184,0.3005
"419",0.24,0.267,0.29,0.203
"420",0.2055,0.2715,0.1915,0.3315
"421",0.1815,0.2715,0.171,0.376
"422",0.176,0.328,0.1675,0.3285
"423",0.1825,0.334,0.201,0.2825
"424",0.1625,0.207,0.363,0.2675
"425",0.1855,0.304,0.3115,0.199
"426",0.343,0.2985,0.1605,0.198
"427",0.3915,0.206,0.1655,0.237
"428",0.1715,0.2445,0.219,0.365
"429",0.2295,0.354,0.1635,0.253
"430",0.153,0.264,0.306,0.277
"431",0.1665,0.303,0.207,0.3235
"432",0.328,0.1935,0.2615,0.217
"433",0.237,0.232,0.2435,0.2875
"434",0.3615,0.228,0.1605,0.25
"435",0.246,0.3055,0.173,0.2755
"436",0.2875,0.193,0.2095,0.31
"437",0.2345,0.379,0.156,0.2305
"438",0.218,0.2975,0.1575,0.327
"439",0.1945,0.278,0.17,0.3575
"440",0.173,0.1745,0.195,0.4575
"441",0.1755,0.216,0.211,0.3975
"442",0.243,0.2475,0.148,0.3615
"443",0.2385,0.1745,0.2075,0.3795
"444",0.172,0.2695,0.1775,0.381
"445",0.1925,0.1835,0.3215,0.3025
"446",0.1715,0.303,0.2555,0.27
"447",0.2895,0.2095,0.1845,0.3165
"448",0.147,0.207,0.311,0.335
"449",0.275,0.2515,0.152,0.3215
"450",0.213,0.237,0.1905,0.3595
"451",0.3275,0.1955,0.165,0.312
"452",0.1975,0.202,0.179,0.4215
"453",0.2845,0.1995,0.197,0.319
"454",0.16,0.175,0.2145,0.4505
"455",0.1765,0.188,0.1945,0.441
"456",0.2385,0.2035,0.1935,0.3645
"457",0.3315,0.213,0.1925,0.263
"458",0.265,0.2355,0.199,0.3005
"459",0.3515,0.2025,0.1895,0.2565
"460",0.1965,0.3535,0.1825,0.2675
"461",0.18,0.333,0.221,0.266
"462",0.279,0.261,0.1895,0.2705
"463",0.1895,0.355,0.2245,0.231
"464",0.2145,0.2075,0.2185,0.3595
"465",0.3175,0.21,0.1835,0.289
"466",0.252,0.238,0.189,0.321
"467",0.219,0.2095,0.2805,0.291
"468",0.1955,0.2185,0.2845,0.3015
"469",0.344,0.235,0.168,0.253
"470",0.2895,0.2095,0.2045,0.2965
"471",0.2095,0.3555,0.2055,0.2295
"472",0.2425,0.376,0.1535,0.228
"473",0.1925,0.2585,0.189,0.36
"474",0.182,0.349,0.2105,0.2585
"475",0.1775,0.2145,0.347,0.261
"476",0.2505,0.3185,0.1675,0.2635
"477",0.2445,0.216,0.2185,0.321
"478",0.2815,0.1975,0.2025,0.3185
"479",0.309,0.2475,0.162,0.2815
"480",0.2635,0.19,0.219,0.3275
"481",0.233,0.243,0.214,0.31
"482",0.354,0.215,0.1905,0.2405
"483",0.171,0.22,0.2285,0.3805
"484",0.1425,0.234,0.4,0.2235
"485",0.175,0.2465,0.252,0.3265
"486",0.207,0.2615,0.2185,0.313
"487",0.1755,0.221,0.3575,0.246
"488",0.149,0.281,0.2725,0.2975
"489",0.1945,0.2275,0.2555,0.3225
"490",0.1775,0.218,0.2165,0.388
"491",0.3255,0.1875,0.251,0.236
"492",0.2175,0.196,0.294,0.2925
"493",0.296,0.246,0.1745,0.2835
"494",0.2035,0.197,0.2205,0.379
"495",0.2495,0.228,0.301,0.2215
"496",0.1425,0.422,0.2615,0.174
"497",0.188,0.3565,0.271,0.1845
"498",0.233,0.342,0.184,0.241
"499",0.1825,0.4295,0.171,0.217
"500",0.488,0.1785,0.1555,0.178
"501",0.1915,0.3185,0.246,0.244
"502",0.376,0.213,0.1815,0.2295
"503",0.354,0.335,0.156,0.155
"504",0.4495,0.2075,0.1425,0.2005
"505",0.2595,0.2195,0.3385,0.1825
"506",0.3255,0.2005,0.2785,0.1955
"507",0.3225,0.3195,0.1555,0.2025
"508",0.163,0.331,0.314,0.192
"509",0.2325,0.297,0.299,0.1715
"510",0.3405,0.188,0.273,0.1985
"511",0.2945,0.359,0.1565,0.19
"512",0.293,0.3935,0.136,0.1775
"513",0.1955,0.349,0.2575,0.198
"514",0.358,0.2815,0.113,0.2475
"515",0.2155,0.2795,0.3225,0.1825
"516",0.19,0.309,0.191,0.31
"517",0.1665,0.2645,0.2125,0.3565
"518",0.309,0.1475,0.2345,0.309
"519",0.239,0.1945,0.2345,0.332
"520",0.235,0.3215,0.1425,0.301
"521",0.353,0.2075,0.1335,0.306
"522",0.184,0.204,0.294,0.318
"523",0.1785,0.359,0.1405,0.322
"524",0.1605,0.425,0.1825,0.232
"525",0.1875,0.2425,0.222,0.348
"526",0.226,0.2035,0.222,0.3485
"527",0.329,0.2445,0.1595,0.267
"528",0.149,0.3595,0.155,0.3365
"529",0.16,0.311,0.1485,0.3805
"530",0.1665,0.2955,0.2255,0.3125
"531",0.1685,0.438,0.134,0.2595
"532",0.194,0.2435,0.359,0.2035
"533",0.363,0.172,0.247,0.218
"534",0.175,0.2205,0.338,0.2665
"535",0.168,0.2255,0.219,0.3875
"536",0.2605,0.22,0.176,0.3435
"537",0.2285,0.2545,0.18,0.337
"538",0.17,0.2175,0.1945,0.418
"539",0.154,0.461,0.1815,0.2035
"540",0.178,0.2065,0.2465,0.369
"541",0.169,0.317,0.1905,0.3235
"542",0.2145,0.1685,0.4185,0.1985
"543",0.2495,0.198,0.1915,0.361
"544",0.247,0.2055,0.2045,0.343
"545",0.2615,0.409,0.1465,0.183
"546",0.1525,0.2375,0.322,0.288
"547",0.175,0.1695,0.3145,0.341
"548",0.19,0.438,0.1655,0.2065
"549",0.404,0.2215,0.148,0.2265
"550",0.172,0.2465,0.2115,0.37
"551",0.14,0.4105,0.217,0.2325
"552",0.229,0.346,0.184,0.241
"553",0.1505,0.216,0.3415,0.292
"554",0.156,0.203,0.3185,0.3225
"555",0.2155,0.261,0.1835,0.34
"556",0.1765,0.264,0.2565,0.303
"557",0.1825,0.23,0.2165,0.371
"558",0.2025,0.176,0.331,0.2905
"559",0.1515,0.315,0.266,0.2675
"560",0.255,0.2575,0.264,0.2235
"561",0.333,0.282,0.1665,0.2185
"562",0.2025,0.365,0.165,0.2675
"563",0.191,0.322,0.171,0.316
"564",0.1465,0.3435,0.302,0.208
"565",0.3435,0.1945,0.179,0.283
"566",0.209,0.2895,0.187,0.3145
"567",0.1665,0.239,0.342,0.2525
"568",0.208,0.212,0.3205,0.2595
"569",0.302,0.184,0.206,0.308
"570",0.2155,0.224,0.205,0.3555
"571",0.1545,0.2825,0.3185,0.2445
"572",0.142,0.174,0.349,0.335
"573",0.232,0.2195,0.17,0.3785
"574",0.199,0.234,0.2995,0.2675
"575",0.1985,0.198,0.187,0.4165
"576",0.19,0.25,0.19,0.37
"577",0.2075,0.183,0.227,0.3825
"578",0.2705,0.1805,0.1915,0.3575
"579",0.1535,0.2085,0.3705,0.2675
"580",0.1675,0.183,0.1855,0.464
"581",0.2535,0.1815,0.203,0.362
"582",0.2095,0.214,0.2645,0.312
"583",0.327,0.2035,0.1675,0.302
"584",0.16,0.3695,0.186,0.2845
"585",0.1905,0.238,0.1755,0.396
"586",0.18,0.248,0.1905,0.3815
"587",0.335,0.2175,0.1655,0.282
"588",0.1935,0.1785,0.2385,0.3895
"589",0.3045,0.19,0.218,0.2875
"590",0.2955,0.1945,0.1295,0.3805
"591",0.189,0.166,0.243,0.402
"592",0.164,0.293,0.147,0.396
"593",0.132,0.1875,0.32,0.3605
"594",0.252,0.161,0.2255,0.3615
"595",0.1745,0.184,0.2925,0.349
"596",0.158,0.2345,0.3025,0.305
"597",0.1815,0.179,0.1815,0.458
"598",0.1585,0.2325,0.296,0.313
"599",0.158,0.1895,0.305,0.3475
"600",0.231,0.1955,0.186,0.3875
"601",0.2735,0.291,0.1615,0.274
"602",0.17,0.18,0.2845,0.3655
"603",0.2235,0.1765,0.299,0.301
"604",0.145,0.172,0.3535,0.3295
"605",0.154,0.1995,0.2775,0.369
"606",0.1255,0.189,0.355,0.3305
"607",0.18,0.2395,0.168,0.4125
"608",0.1595,0.201,0.186,0.4535
"609",0.2025,0.1685,0.349,0.28
"610",0.1145,0.35,0.152,0.3835
"611",0.135,0.151,0.3205,0.3935
"612",0.12,0.5025,0.11,0.2675
"613",0.1685,0.239,0.1535,0.439
"614",0.4275,0.1265,0.165,0.281
"615",0.1665,0.2635,0.144,0.426
"616",0.1485,0.184,0.2675,0.4
"617",0.1455,0.1895,0.317,0.348
"618",0.2365,0.2905,0.1475,0.3255
"619",0.1565,0.189,0.2075,0.447
"620",0.162,0.166,0.259,0.413
"621",0.262,0.1395,0.1635,0.435
"622",0.319,0.1595,0.1395,0.382
"623",0.1205,0.2615,0.245,0.373
"624",0.242,0.2785,0.127,0.3525
"625",0.177,0.178,0.173,0.472
"626",0.1515,0.326,0.1315,0.391
"627",0.207,0.152,0.316,0.325
"628",0.146,0.1955,0.273,0.3855
"629",0.1995,0.2845,0.161,0.355
"630",0.28,0.181,0.15,0.389
"631",0.2535,0.2635,0.1915,0.2915
"632",0.172,0.1835,0.3175,0.327
"633",0.395,0.1485,0.157,0.2995
"634",0.185,0.175,0.2315,0.4085
"635",0.2295,0.2095,0.1745,0.3865
"636",0.249,0.2115,0.1745,0.365
"637",0.1475,0.326,0.299,0.2275
"638",0.184,0.1865,0.188,0.4415
"639",0.3585,0.1475,0.1835,0.3105
"640",0.324,0.1805,0.1575,0.338
"641",0.2245,0.171,0.3365,0.268
"642",0.1985,0.1735,0.2945,0.3335
"643",0.1595,0.2775,0.262,0.301
"644",0.189,0.2175,0.3175,0.276
"645",0.2855,0.1705,0.15,0.394
"646",0.272,0.3635,0.1135,0.251
"647",0.235,0.152,0.284,0.329
"648",0.2415,0.177,0.3205,0.261
"649",0.1575,0.34,0.22,0.2825
"650",0.3285,0.237,0.1345,0.3
"651",0.278,0.288,0.1815,0.2525
"652",0.243,0.1935,0.1445,0.419
"653",0.318,0.179,0.1415,0.3615
"654",0.151,0.284,0.223,0.342
"655",0.203,0.2325,0.3515,0.213
"656",0.1605,0.3035,0.1245,0.4115
"657",0.2405,0.309,0.205,0.2455
"658",0.2085,0.2825,0.144,0.365
"659",0.214,0.229,0.2585,0.2985
"660",0.228,0.195,0.2445,0.3325
"661",0.194,0.2005,0.307,0.2985
"662",0.2285,0.3175,0.1775,0.2765
"663",0.132,0.229,0.2675,0.3715
"664",0.146,0.2685,0.236,0.3495
"665",0.314,0.1495,0.1565,0.38
"666",0.279,0.232,0.276,0.213
"667",0.1455,0.179,0.366,0.3095
"668",0.2365,0.299,0.218,0.2465
"669",0.149,0.2385,0.314,0.2985
"670",0.2905,0.1935,0.25,0.266
"671",0.143,0.323,0.287,0.247
"672",0.385,0.1515,0.1545,0.309
"673",0.285,0.227,0.219,0.269
"674",0.3415,0.308,0.1205,0.23
"675",0.127,0.2525,0.3685,0.252
"676",0.1805,0.331,0.179,0.3095
"677",0.127,0.4555,0.1395,0.278
"678",0.141,0.3285,0.2455,0.285
"679",0.2125,0.145,0.302,0.3405
"680",0.151,0.2495,0.2235,0.376
"681",0.134,0.499,0.123,0.244
"682",0.3155,0.1995,0.117,0.368
"683",0.1375,0.2995,0.2415,0.3215
"684",0.3715,0.215,0.147,0.2665
"685",0.3145,0.225,0.2275,0.233
"686",0.2295,0.3755,0.236,0.159
"687",0.3005,0.1615,0.298,0.24
"688",0.2315,0.3025,0.2045,0.2615
"689",0.2375,0.1945,0.4035,0.1645
"690",0.4135,0.2625,0.149,0.175
"691",0.2305,0.289,0.2265,0.254
"692",0.355,0.299,0.158,0.188
"693",0.2245,0.242,0.2505,0.283
"694",0.2335,0.227,0.293,0.2465
"695",0.2045,0.283,0.336,0.1765
"696",0.3475,0.1845,0.2575,0.2105
"697",0.3355,0.2105,0.266,0.188
"698",0.1745,0.457,0.193,0.1755
"699",0.2565,0.2105,0.288,0.245
"700",0.2765,0.193,0.3365,0.194
"701",0.2435,0.309,0.1875,0.26
"702",0.228,0.275,0.252,0.245
"703",0.236,0.3155,0.203,0.2455
"704",0.1355,0.3255,0.2805,0.2585
"705",0.3745,0.2685,0.1085,0.2485
"706",0.1795,0.238,0.1525,0.43
"707",0.29,0.1835,0.2555,0.271
"708",0.206,0.162,0.197,0.435
"709",0.189,0.2335,0.152,0.4255
"710",0.149,0.439,0.121,0.291
"711",0.1755,0.268,0.325,0.2315
"712",0.1515,0.175,0.3225,0.351
"713",0.2795,0.173,0.1235,0.424
"714",0.1435,0.1665,0.2875,0.4025
"715",0.2455,0.2875,0.2685,0.1985
"716",0.314,0.147,0.235,0.304
"717",0.1305,0.32,0.2705,0.279
"718",0.1915,0.19,0.126,0.4925
"719",0.1785,0.2155,0.252,0.354
"720",0.1775,0.2415,0.18,0.401
"721",0.207,0.1725,0.2135,0.407
"722",0.2395,0.192,0.2975,0.271
"723",0.233,0.4095,0.172,0.1855
"724",0.184,0.2595,0.3475,0.209
"725",0.226,0.286,0.2595,0.2285
"726",0.3445,0.261,0.177,0.2175
"727",0.22,0.286,0.2975,0.1965
"728",0.1925,0.267,0.2955,0.245
"729",0.3585,0.2235,0.2405,0.1775
"730",0.2305,0.2125,0.275,0.282
"731",0.2455,0.2405,0.3245,0.1895
"732",0.2965,0.2195,0.2025,0.2815
"733",0.2255,0.305,0.265,0.2045
"734",0.246,0.427,0.17,0.157
"735",0.3385,0.2485,0.1955,0.2175
"736",0.239,0.2725,0.218,0.2705
"737",0.197,0.4015,0.194,0.2075
"738",0.332,0.23,0.21,0.228
"739",0.313,0.235,0.322,0.13
"740",0.161,0.3775,0.325,0.1365
"741",0.2165,0.2165,0.3655,0.2015
"742",0.231,0.154,0.202,0.413
"743",0.131,0.2795,0.385,0.2045
"744",0.155,0.2385,0.209,0.3975
"745",0.17,0.421,0.1835,0.2255
"746",0.1685,0.246,0.2665,0.319
"747",0.2005,0.1565,0.292,0.351
"748",0.155,0.234,0.397,0.214
"749",0.437,0.157,0.1235,0.2825
"750",0.3115,0.2315,0.1325,0.3245
"751",0.3605,0.2855,0.158,0.196
"752",0.1695,0.183,0.192,0.4555
"753",0.1765,0.313,0.1715,0.339
"754",0.2465,0.169,0.201,0.3835
"755",0.1985,0.297,0.1515,0.353
"756",0.153,0.231,0.222,0.394
"757",0.155,0.426,0.1755,0.2435
"758",0.197,0.18,0.306,0.317
"759",0.2245,0.21,0.2075,0.358
"760",0.165,0.176,0.391,0.268
"761",0.208,0.195,0.251,0.346
"762",0.181,0.1975,0.196,0.4255
"763",0.226,0.2565,0.178,0.3395
"764",0.1365,0.3665,0.253,0.244
"765",0.2955,0.19,0.2055,0.309
"766",0.2865,0.1885,0.2185,0.3065
"767",0.2215,0.2155,0.17,0.393
"768",0.18,0.3855,0.1595,0.275
"769",0.1645,0.2215,0.2945,0.3195
"770",0.1875,0.2825,0.201,0.329
"771",0.2385,0.258,0.147,0.3565
"772",0.154,0.259,0.3665,0.2205
"773",0.2165,0.176,0.346,0.2615
"774",0.167,0.2895,0.17,0.3735
"775",0.179,0.2275,0.2275,0.366
"776",0.1595,0.156,0.4175,0.267
"777",0.254,0.2025,0.1655,0.378
"778",0.1785,0.1945,0.2315,0.3955
"779",0.215,0.208,0.188,0.389
"780",0.2575,0.133,0.267,0.3425
"781",0.359,0.2735,0.156,0.2115
"782",0.2795,0.1795,0.1455,0.3955
"783",0.4435,0.147,0.1035,0.306
"784",0.1625,0.4135,0.1525,0.2715
"785",0.146,0.28,0.207,0.367
"786",0.3065,0.147,0.247,0.2995
"787",0.151,0.2805,0.1555,0.413
"788",0.296,0.1255,0.346,0.2325
"789",0.163,0.1455,0.3735,0.318
"790",0.4325,0.167,0.137,0.2635
"791",0.174,0.4055,0.225,0.1955
"792",0.1695,0.2665,0.396,0.168
"793",0.136,0.2895,0.2245,0.35
"794",0.323,0.294,0.1235,0.2595
"795",0.4275,0.255,0.132,0.1855
"796",0.234,0.458,0.1005,0.2075
"797",0.179,0.148,0.394,0.279
"798",0.1285,0.1425,0.3275,0.4015
"799",0.169,0.228,0.3245,0.2785
"800",0.2415,0.2835,0.1385,0.3365
"801",0.31,0.2005,0.179,0.3105
"802",0.3225,0.182,0.1655,0.33
"803",0.2915,0.1445,0.3375,0.2265
"804",0.2365,0.1735,0.2815,0.3085
"805",0.425,0.207,0.138,0.23
"806",0.153,0.3285,0.2415,0.277
"807",0.2525,0.2015,0.156,0.39
"808",0.1955,0.1865,0.2405,0.3775
"809",0.2675,0.2695,0.291,0.172
"810",0.196,0.2495,0.1335,0.421
"811",0.2105,0.2525,0.163,0.374
"812",0.3435,0.2135,0.161,0.282
"813",0.444,0.147,0.15,0.259
"814",0.2705,0.2295,0.1495,0.3505
"815",0.16,0.3625,0.1475,0.33
"816",0.224,0.257,0.2555,0.2635
"817",0.177,0.3565,0.166,0.3005
"818",0.1465,0.2075,0.4385,0.2075
"819",0.376,0.211,0.2065,0.2065
"820",0.178,0.1935,0.2245,0.404
"821",0.257,0.1875,0.2015,0.354
"822",0.1775,0.2265,0.2715,0.3245
"823",0.3635,0.193,0.176,0.2675
"824",0.3895,0.1845,0.1835,0.2425
"825",0.1685,0.2945,0.276,0.261
"826",0.1325,0.428,0.187,0.2525
"827",0.2075,0.351,0.169,0.2725
"828",0.1555,0.3865,0.139,0.319
"829",0.41,0.2085,0.158,0.2235
"830",0.2125,0.2655,0.318,0.204
"831",0.1845,0.205,0.346,0.2645
"832",0.3055,0.311,0.156,0.2275
"833",0.151,0.2905,0.2635,0.295
"834",0.172,0.407,0.2175,0.2035
"835",0.2485,0.232,0.2235,0.296
"836",0.212,0.2315,0.178,0.3785
"837",0.177,0.2345,0.2555,0.333
"838",0.169,0.2575,0.272,0.3015
"839",0.4565,0.2305,0.128,0.185
"840",0.2665,0.156,0.305,0.2725
"841",0.2555,0.2335,0.1815,0.3295
"842",0.17,0.3475,0.1765,0.306
"843",0.3145,0.163,0.288,0.2345
"844",0.175,0.3885,0.2285,0.208
"845",0.172,0.264,0.3815,0.1825
"846",0.1745,0.448,0.21,0.1675
"847",0.225,0.2285,0.29,0.2565
"848",0.187,0.344,0.2315,0.2375
"849",0.3215,0.1805,0.2285,0.2695
"850",0.2045,0.4505,0.151,0.194
"851",0.213,0.4435,0.158,0.1855
"852",0.2155,0.27,0.2005,0.314
"853",0.4085,0.197,0.1725,0.222
"854",0.129,0.3595,0.3405,0.171
"855",0.2405,0.1845,0.392,0.183
"856",0.196,0.2825,0.158,0.3635
"857",0.28,0.177,0.216,0.327
"858",0.2845,0.1415,0.273,0.301
"859",0.1575,0.3035,0.144,0.395
"860",0.139,0.3945,0.1825,0.284
"861",0.119,0.221,0.3105,0.3495
"862",0.1885,0.2965,0.165,0.35
"863",0.1495,0.27,0.1615,0.419
"864",0.178,0.281,0.1415,0.3995
"865",0.161,0.273,0.2065,0.3595
"866",0.15,0.211,0.2375,0.4015
"867",0.1345,0.281,0.328,0.2565
"868",0.1995,0.398,0.1215,0.281
"869",0.156,0.227,0.205,0.412
"870",0.1325,0.3085,0.233,0.326
"871",0.228,0.146,0.271,0.355
"872",0.3085,0.177,0.1525,0.362
"873",0.217,0.167,0.3305,0.2855
"874",0.145,0.1675,0.4145,0.273
"875",0.1435,0.1765,0.368,0.312
"876",0.167,0.179,0.296,0.358
"877",0.234,0.1755,0.1495,0.441
"878",0.2815,0.337,0.126,0.2555
"879",0.156,0.187,0.3155,0.3415
"880",0.164,0.2705,0.162,0.4035
"881",0.167,0.367,0.133,0.333
"882",0.178,0.267,0.2585,0.2965
"883",0.177,0.25,0.177,0.396
"884",0.175,0.187,0.1685,0.4695
"885",0.1725,0.178,0.289,0.3605
"886",0.1765,0.1855,0.3515,0.2865
"887",0.183,0.2255,0.18,0.4115
"888",0.231,0.356,0.113,0.3
"889",0.229,0.348,0.143,0.28
"890",0.212,0.284,0.152,0.352
"891",0.1655,0.2395,0.1645,0.4305
"892",0.1945,0.173,0.1675,0.465
"893",0.25,0.154,0.205,0.391
"894",0.2295,0.175,0.1475,0.448
"895",0.2085,0.4,0.112,0.2795
"896",0.229,0.359,0.1345,0.2775
"897",0.1365,0.261,0.2565,0.346
"898",0.3645,0.154,0.139,0.3425
"899",0.1875,0.1745,0.229,0.409
"900",0.234,0.1515,0.181,0.4335
"901",0.3075,0.191,0.2355,0.266
"902",0.166,0.1805,0.241,0.4125
"903",0.2205,0.1725,0.182,0.425
"904",0.2025,0.319,0.134,0.3445
"905",0.153,0.1525,0.1705,0.524
"906",0.3825,0.201,0.151,0.2655
"907",0.3435,0.167,0.171,0.3185
"908",0.1515,0.352,0.133,0.3635
"909",0.3335,0.2055,0.2665,0.1945
"910",0.18,0.2795,0.199,0.3415
"911",0.14,0.384,0.1355,0.3405
"912",0.115,0.193,0.351,0.341
"913",0.2675,0.385,0.172,0.1755
"914",0.2995,0.3475,0.1965,0.1565
"915",0.2915,0.248,0.211,0.2495
"916",0.431,0.2285,0.1915,0.149
"917",0.291,0.279,0.2135,0.2165
"918",0.2795,0.273,0.211,0.2365
"919",0.1965,0.2495,0.349,0.205
"920",0.3695,0.225,0.2465,0.159
"921",0.232,0.2385,0.3405,0.189
"922",0.2905,0.2055,0.2365,0.2675
"923",0.2275,0.3875,0.185,0.2
"924",0.186,0.352,0.291,0.171
"925",0.258,0.36,0.2055,0.1765
"926",0.322,0.251,0.2615,0.1655
"927",0.316,0.2295,0.2505,0.204
"928",0.3555,0.248,0.182,0.2145
"929",0.3855,0.2215,0.185,0.208
"930",0.204,0.4305,0.1765,0.189
"931",0.222,0.2455,0.2955,0.237
"932",0.133,0.238,0.336,0.293
"933",0.2275,0.164,0.398,0.2105
"934",0.1895,0.163,0.303,0.3445
"935",0.3665,0.187,0.151,0.2955
"936",0.2545,0.309,0.14,0.2965
"937",0.172,0.1805,0.307,0.3405
"938",0.3725,0.252,0.1185,0.257
"939",0.156,0.1765,0.297,0.3705
"940",0.304,0.2245,0.298,0.1735
"941",0.1755,0.219,0.21,0.3955
"942",0.17,0.4205,0.1885,0.221
"943",0.2335,0.3095,0.1375,0.3195
"944",0.2285,0.146,0.385,0.2405
"945",0.2385,0.2835,0.2545,0.2235
"946",0.2235,0.1785,0.2045,0.3935
"947",0.1785,0.2065,0.1985,0.4165
"948",0.1555,0.432,0.16,0.2525
"949",0.2055,0.331,0.168,0.2955
"950",0.187,0.2245,0.186,0.4025
"951",0.1645,0.333,0.211,0.2915
"952",0.1525,0.3775,0.1625,0.3075
"953",0.1565,0.2885,0.3265,0.2285
"954",0.1645,0.2675,0.306,0.262
"955",0.2295,0.215,0.301,0.2545
"956",0.2285,0.2845,0.225,0.262
"957",0.153,0.387,0.2005,0.2595
"958",0.341,0.2025,0.182,0.2745
"959",0.2255,0.217,0.288,0.2695
"960",0.1505,0.4315,0.169,0.249
"961",0.1475,0.317,0.3635,0.172
"962",0.143,0.3405,0.2735,0.243
"963",0.261,0.305,0.1625,0.2715
"964",0.213,0.3,0.224,0.263
"965",0.297,0.203,0.2105,0.2895
"966",0.156,0.3565,0.2895,0.198
"967",0.377,0.178,0.216,0.229
"968",0.2505,0.346,0.2205,0.183
"969",0.1685,0.408,0.161,0.2625
"970",0.2465,0.314,0.151,0.2885
"971",0.3685,0.181,0.1525,0.298
"972",0.172,0.177,0.279,0.372
"973",0.279,0.17,0.207,0.344
"974",0.1665,0.2185,0.256,0.359
"975",0.229,0.3865,0.1685,0.216
"976",0.323,0.1955,0.1635,0.318
"977",0.238,0.198,0.1545,0.4095
"978",0.2725,0.1535,0.3635,0.2105
"979",0.154,0.2805,0.2295,0.336
"980",0.1965,0.287,0.1695,0.347
"981",0.136,0.357,0.2285,0.2785
"982",0.1385,0.376,0.253,0.2325
"983",0.3185,0.266,0.131,0.2845
"984",0.3025,0.3,0.1435,0.254
"985",0.156,0.3475,0.2795,0.217
"986",0.217,0.3315,0.152,0.2995
"987",0.3055,0.28,0.1275,0.287
"988",0.264,0.2595,0.2795,0.197
"989",0.1185,0.4275,0.268,0.186
"990",0.1765,0.4485,0.144,0.231
"991",0.197,0.191,0.365,0.247
"992",0.382,0.21,0.176,0.232
"993",0.167,0.422,0.153,0.258
"994",0.4955,0.1655,0.145,0.194
"995",0.2075,0.458,0.151,0.1835
"996",0.2795,0.478,0.098,0.1445
"997",0.453,0.2025,0.128,0.2165
"998",0.18,0.444,0.1205,0.2555
"999",0.1635,0.1895,0.404,0.243
"1000",0.139,0.187,0.4135,0.2605
"1001",0.152,0.1875,0.4405,0.22
"1002",0.139,0.198,0.4545,0.2085
"1003",0.14,0.498,0.1545,0.2075
"1004",0.1605,0.455,0.1455,0.239
"1005",0.1345,0.198,0.4535,0.214
"1006",0.1985,0.17,0.431,0.2005
"1007",0.159,0.5075,0.133,0.2005
"1008",0.1845,0.3005,0.167,0.348
"1009",0.4,0.1965,0.199,0.2045
"1010",0.3315,0.183,0.1515,0.334
"1011",0.164,0.179,0.4195,0.2375
"1012",0.279,0.152,0.1995,0.3695
"1013",0.243,0.168,0.257,0.332
"1014",0.152,0.5025,0.141,0.2045
"1015",0.186,0.2225,0.182,0.4095
"1016",0.2075,0.163,0.2555,0.374
"1017",0.2405,0.1865,0.4025,0.1705
"1018",0.2485,0.197,0.236,0.3185
"1019",0.1905,0.224,0.172,0.4135
"1020",0.133,0.2085,0.4275,0.231
"1021",0.458,0.2315,0.12,0.1905
"1022",0.246,0.2765,0.1545,0.323
"1023",0.2265,0.185,0.1825,0.406
"1024",0.2055,0.2055,0.209,0.38
"1025",0.203,0.1975,0.2105,0.389
"1026",0.137,0.2585,0.445,0.1595
"1027",0.2525,0.241,0.347,0.1595
"1028",0.233,0.3355,0.2865,0.145
"1029",0.1835,0.3895,0.2865,0.1405
"1030",0.2415,0.2335,0.361,0.164
"1031",0.2565,0.372,0.191,0.1805
"1032",0.254,0.4365,0.158,0.1515
"1033",0.255,0.3515,0.23,0.1635
"1034",0.206,0.3025,0.326,0.1655
"1035",0.3965,0.2545,0.191,0.158
"1036",0.258,0.2625,0.2295,0.25
"1037",0.14,0.4305,0.318,0.1115
"1038",0.2345,0.24,0.233,0.2925
"1039",0.2155,0.366,0.197,0.2215
"1040",0.165,0.3315,0.368,0.1355
"1041",0.3135,0.377,0.171,0.1385
"1042",0.241,0.4205,0.1995,0.139
"1043",0.219,0.434,0.1815,0.1655
"1044",0.1565,0.35,0.3215,0.172
"1045",0.3165,0.352,0.161,0.1705
"1046",0.2195,0.225,0.306,0.2495
"1047",0.205,0.394,0.198,0.203
"1048",0.202,0.3845,0.224,0.1895
"1049",0.226,0.2595,0.2655,0.249
"1050",0.241,0.2475,0.252,0.2595
"1051",0.363,0.2255,0.1965,0.215
"1052",0.2635,0.2025,0.276,0.258
"1053",0.2135,0.2385,0.2475,0.3005
"1054",0.233,0.333,0.2175,0.2165
"1055",0.195,0.252,0.305,0.248
"1056",0.3675,0.21,0.1865,0.236
"1057",0.2085,0.309,0.2875,0.195
"1058",0.364,0.2045,0.2,0.2315
"1059",0.3195,0.2785,0.178,0.224
"1060",0.1745,0.3625,0.293,0.17
"1061",0.2055,0.2335,0.3325,0.2285
"1062",0.1995,0.2935,0.266,0.241
"1063",0.3555,0.2145,0.196,0.234
"1064",0.4045,0.213,0.1825,0.2
"1065",0.1995,0.271,0.239,0.2905
"1066",0.1585,0.3975,0.1405,0.3035
"1067",0.171,0.1985,0.211,0.4195
"1068",0.181,0.2665,0.1745,0.378
"1069",0.1855,0.2075,0.172,0.435
"1070",0.1935,0.343,0.162,0.3015
"1071",0.164,0.2305,0.226,0.3795
"1072",0.2105,0.238,0.2035,0.348
"1073",0.225,0.147,0.2925,0.3355
"1074",0.1885,0.189,0.3225,0.3
"1075",0.167,0.2095,0.227,0.3965
"1076",0.221,0.209,0.19,0.38
"1077",0.29,0.201,0.1485,0.3605
"1078",0.1515,0.3415,0.1685,0.3385
"1079",0.2015,0.2845,0.1615,0.3525
"1080",0.1575,0.222,0.213,0.4075
"1081",0.2095,0.2715,0.154,0.365
"1082",0.1665,0.328,0.1605,0.345
"1083",0.196,0.2825,0.1865,0.335
"1084",0.386,0.1835,0.134,0.2965
"1085",0.386,0.16,0.169,0.285
"1086",0.179,0.195,0.1805,0.4455
"1087",0.1925,0.1855,0.149,0.473
"1088",0.1595,0.1875,0.191,0.462
"1089",0.236,0.248,0.2195,0.2965
"1090",0.3935,0.2195,0.108,0.279
"1091",0.261,0.3055,0.2775,0.156
"1092",0.1275,0.5645,0.158,0.15
"1093",0.204,0.1415,0.1905,0.464
"1094",0.1295,0.379,0.1785,0.313
"1095",0.1905,0.3805,0.1405,0.2885
"1096",0.271,0.205,0.172,0.352
"1097",0.1545,0.167,0.3765,0.302
"1098",0.2625,0.183,0.264,0.2905
"1099",0.1495,0.1865,0.1675,0.4965
"1100",0.185,0.143,0.213,0.459
"1101",0.278,0.145,0.34,0.237
"1102",0.4015,0.1945,0.1315,0.2725
"1103",0.36,0.349,0.136,0.155
"1104",0.207,0.246,0.3595,0.1875
"1105",0.186,0.21,0.382,0.222
"1106",0.4125,0.1945,0.172,0.221
"1107",0.317,0.221,0.204,0.258
"1108",0.209,0.343,0.2355,0.2125
"1109",0.1805,0.3225,0.2115,0.2855
"1110",0.2185,0.2205,0.384,0.177
"1111",0.4575,0.2115,0.151,0.18
"1112",0.33,0.282,0.198,0.19
"1113",0.409,0.269,0.146,0.176
"1114",0.1695,0.273,0.33,0.2275
"1115",0.221,0.2655,0.3345,0.179
"1116",0.221,0.397,0.1785,0.2035
"1117",0.2405,0.243,0.244,0.2725
"1118",0.217,0.2665,0.212,0.3045
"1119",0.2105,0.4375,0.2095,0.1425
"1120",0.261,0.249,0.34,0.15
"1121",0.185,0.2795,0.2285,0.307
"1122",0.23,0.201,0.178,0.391
"1123",0.35,0.16,0.181,0.309
"1124",0.255,0.145,0.3795,0.2205
"1125",0.168,0.206,0.1785,0.4475
"1126",0.1855,0.305,0.2335,0.276
"1127",0.178,0.1855,0.2705,0.366
"1128",0.155,0.2345,0.3605,0.25
"1129",0.2945,0.225,0.1635,0.317
"1130",0.206,0.216,0.2845,0.2935
"1131",0.1245,0.396,0.2895,0.19
"1132",0.1785,0.2875,0.2735,0.2605
"1133",0.32,0.2785,0.147,0.2545
"1134",0.1755,0.198,0.2635,0.363
"1135",0.326,0.173,0.222,0.279
"1136",0.1395,0.2025,0.1775,0.4805
"1137",0.213,0.238,0.2205,0.3285
"1138",0.2255,0.2085,0.2165,0.3495
"1139",0.2415,0.155,0.36,0.2435
"1140",0.1545,0.2395,0.2065,0.3995
"1141",0.302,0.1565,0.1865,0.355
"1142",0.1705,0.1995,0.1565,0.4735
"1143",0.192,0.1975,0.16,0.4505
"1144",0.2195,0.231,0.1715,0.378
"1145",0.189,0.2785,0.184,0.3485
"1146",0.115,0.3525,0.2,0.3325
"1147",0.3725,0.1455,0.1625,0.3195
"1148",0.2675,0.2205,0.213,0.299
"1149",0.137,0.186,0.3585,0.3185
"1150",0.216,0.352,0.1445,0.2875
"1151",0.1785,0.243,0.206,0.3725
"1152",0.1875,0.187,0.2545,0.371
"1153",0.327,0.1455,0.165,0.3625
"1154",0.136,0.3515,0.227,0.2855
"1155",0.33,0.1505,0.282,0.2375
"1156",0.156,0.2945,0.3105,0.239
"1157",0.3055,0.1715,0.187,0.336
"1158",0.197,0.3305,0.1475,0.325
"1159",0.137,0.3555,0.152,0.3555
"1160",0.34,0.2605,0.2105,0.189
"1161",0.3285,0.258,0.1825,0.231
"1162",0.184,0.3445,0.2115,0.26
"1163",0.3015,0.2685,0.2435,0.1865
"1164",0.1605,0.2255,0.425,0.189
"1165",0.3795,0.192,0.152,0.2765
"1166",0.1875,0.267,0.2755,0.27
"1167",0.331,0.1835,0.231,0.2545
"1168",0.1885,0.2955,0.2485,0.2675
"1169",0.1965,0.2235,0.3595,0.2205
"1170",0.305,0.2605,0.1975,0.237
"1171",0.228,0.198,0.33,0.244
"1172",0.312,0.274,0.2,0.214
"1173",0.1875,0.2125,0.328,0.272
"1174",0.209,0.196,0.371,0.224
"1175",0.2545,0.227,0.289,0.2295
"1176",0.2095,0.184,0.376,0.2305
"1177",0.2135,0.3685,0.209,0.209
"1178",0.2245,0.231,0.2345,0.31
"1179",0.345,0.2265,0.2175,0.211
"1180",0.132,0.4195,0.1425,0.306
"1181",0.1275,0.1695,0.3635,0.3395
"1182",0.2975,0.1735,0.197,0.332
"1183",0.155,0.2035,0.3475,0.294
"1184",0.3905,0.221,0.1575,0.231
"1185",0.183,0.274,0.175,0.368
"1186",0.14,0.1765,0.409,0.2745
"1187",0.401,0.154,0.1395,0.3055
"1188",0.1875,0.2705,0.1635,0.3785
"1189",0.3105,0.2155,0.13,0.344
"1190",0.338,0.29,0.1245,0.2475
"1191",0.2185,0.19,0.3,0.2915
"1192",0.3555,0.1625,0.1435,0.3385
"1193",0.1685,0.2895,0.1755,0.3665
"1194",0.219,0.133,0.3795,0.2685
"1195",0.163,0.177,0.4,0.26
"1196",0.162,0.172,0.326,0.34
"1197",0.208,0.332,0.1345,0.3255
"1198",0.176,0.311,0.1585,0.3545
"1199",0.1855,0.4265,0.144,0.244
"1200",0.261,0.371,0.16,0.208
"1201",0.309,0.2465,0.1605,0.284
"1202",0.4155,0.1775,0.142,0.265
"1203",0.263,0.2435,0.245,0.2485
"1204",0.257,0.19,0.2035,0.3495
"1205",0.153,0.3505,0.2365,0.26
"1206",0.256,0.201,0.229,0.314
"1207",0.315,0.1725,0.216,0.2965
"1208",0.2335,0.225,0.257,0.2845
"1209",0.382,0.182,0.145,0.291
"1210",0.1795,0.2135,0.3885,0.2185
"1211",0.218,0.2035,0.231,0.3475
"1212",0.308,0.2665,0.146,0.2795
"1213",0.37,0.1935,0.1565,0.28
"1214",0.259,0.2065,0.192,0.3425
"1215",0.2075,0.281,0.2775,0.234
