No,Ch1,Ch2,Ch3,Ch4
9501,0.086800177,0.099570373,0.061485791,0.752143658
9502,0.324315792,0.030673482,0.020853429,0.624157297
9503,0.034228476,0.235473785,0.094115186,0.636182552
9504,0.110047168,0.235227553,0.185516955,0.469208324
9505,0.023183806,0.22064474,0.052236241,0.703935213
9506,0.400289434,0.157855913,0.029648896,0.412205756
9507,0.355388877,0.106310591,0.055801481,0.48249905
9508,0.017247566,0.103081385,0.014214477,0.865456572
9509,0.465747132,0.234383762,0.021537919,0.278331187
9510,0.148515875,0.129404326,0.047648546,0.674431252
9511,0.172812679,0.062190862,0.090637411,0.674359049
9512,0.095055251,0.109396146,0.089412984,0.706135618
9513,0.068314242,0.039599857,0.0355092,0.856576701
9514,0.088375692,0.170935083,0.090282561,0.650406664
9515,0.048523214,0.198834661,0.007200048,0.745442076
9516,0.035726081,0.183521458,0.013694107,0.767058354
9517,0.149099113,0.066288171,0.025961072,0.758651644
9518,0.078468827,0.017801631,0.228005435,0.675724107
9519,0.039440869,0.438252314,0.152943574,0.369363244
9520,0.053833282,0.343827869,0.276611617,0.325727232
9521,0.718578614,0.102591264,0.07119496,0.107635162
9522,0.151533297,0.424198686,0.047038445,0.377229572
9523,0.264325794,0.587293994,0.066135841,0.082244371
9524,0.162828229,0.348963676,0.098341352,0.389866743
9525,0.079819827,0.421739109,0.422833399,0.075607665
9526,0.132842976,0.30819555,0.254126764,0.30483471
9527,0.059759555,0.41644619,0.429783811,0.094010444
9528,0.107690731,0.520521965,0.082789898,0.288997406
9529,0.258813034,0.19752916,0.419187844,0.124469962
9530,0.236718088,0.107858872,0.238218605,0.417204435
9531,0.238833937,0.265266439,0.205887071,0.290012552
9532,0.104249842,0.071538371,0.406615317,0.41759647
9533,0.474903091,0.201823766,0.141645009,0.181628134
9534,0.598862557,0.108752226,0.113510209,0.178875008
9535,0.127029629,0.556246123,0.10798703,0.208737219
9536,0.86372472,0.064888205,0.033697265,0.03768981
9537,0.0828288,0.353299393,0.284136361,0.279735447
9538,0.283085865,0.170573173,0.219206183,0.327134779
9539,0.107177027,0.125958222,0.122595909,0.644268842
9540,0.061256406,0.067543776,0.608828662,0.262371157
9541,0.649105121,0.137092002,0.054084447,0.15971843
9542,0.234722782,0.220310315,0.043660272,0.50130663
9543,0.027959359,0.089478031,0.590942154,0.291620455
9544,0.149241718,0.11046365,0.412105512,0.32818912
9545,0.449183197,0.088759549,0.109069751,0.352987503
9546,0.195820652,0.335888316,0.13302805,0.335262982
9547,0.12591782,0.107841078,0.223076626,0.543164477
9548,0.117478195,0.29357604,0.061125033,0.527820731
9549,0.152843329,0.500229047,0.14498893,0.201938694
9550,0.053070323,0.070289752,0.132678184,0.743961742
9551,0.314465419,0.097948562,0.093379155,0.494206865
9552,0.132192954,0.031749453,0.264543756,0.571513837
9553,0.207989202,0.128432387,0.036242391,0.62733602
9554,0.350462565,0.077742905,0.043703071,0.52809146
9555,0.1996631,0.43276376,0.138821839,0.228751302
9556,0.143333436,0.052775468,0.135728818,0.668162278
9557,0.420993396,0.080950621,0.029823565,0.468232417
9558,0.194571765,0.321981694,0.37359083,0.109855712
9559,0.276533328,0.215225953,0.108340653,0.399900065
9560,0.690621816,0.040017402,0.227587901,0.041772881
9561,0.061040421,0.421241535,0.110841552,0.406876492
9562,0.311678344,0.419128815,0.092420204,0.176772637
9563,0.267038728,0.183152548,0.273162003,0.276646721
9564,0.105528893,0.103700795,0.713432185,0.077338128
9565,0.267207643,0.238379583,0.406393687,0.088019087
9566,0.324922895,0.318018819,0.289464007,0.067594279
9567,0.262912431,0.401308752,0.243495732,0.092283085
9568,0.287438628,0.107147084,0.585946572,0.019467715
9569,0.129679791,0.17827647,0.155003175,0.537040564
9570,0.288880147,0.591302167,0.018292412,0.101525274
9571,0.071825005,0.138962971,0.675248115,0.113963909
9572,0.042155332,0.245154926,0.440379661,0.272310081
9573,0.605757401,0.071987365,0.1392447,0.183010534
9574,0.027306025,0.628426714,0.253120011,0.09114725
9575,0.177312669,0.330004311,0.073784132,0.418898888
9576,0.098046362,0.424802963,0.274500606,0.20265007
9577,0.212579683,0.300333573,0.23391337,0.253173375
9578,0.076631654,0.376879201,0.244473382,0.302015762
9579,0.039054795,0.759074237,0.166651532,0.035219437
9580,0.127289727,0.090598415,0.337820382,0.444291477
9581,0.252516634,0.024372517,0.662832086,0.060278763
9582,0.662758886,0.132437068,0.052860826,0.15194322
9583,0.151229924,0.1613887,0.08735035,0.600031026
9584,0.186158464,0.340617993,0.341469307,0.131754235
9585,0.476896633,0.079387163,0.045254522,0.398461681
9586,0.267261811,0.129026297,0.323309394,0.280402498
9587,0.143253187,0.041765999,0.673181523,0.141799291
9588,0.500776647,0.114807373,0.230821765,0.153594215
9589,0.571906787,0.160651279,0.064475293,0.20296664
9590,0.682741293,0.054073802,0.194286714,0.068898191
9591,0.104059393,0.284865033,0.075426623,0.535648951
9592,0.277762383,0.111799531,0.2806903,0.329747786
9593,0.130006167,0.689445041,0.128138621,0.052410172
9594,0.075425579,0.310195365,0.374737252,0.239641805
9595,0.276486081,0.273946723,0.34878374,0.100783457
9596,0.133857725,0.378937303,0.405878416,0.081326557
9597,0.388649948,0.481065385,0.082265073,0.048019594
9598,0.375128052,0.540099164,0.069163204,0.015609579
9599,0.32349582,0.439552206,0.075450083,0.161501891
9600,0.262467565,0.615375889,0.103289471,0.018867075
9601,0.514424192,0.148967386,0.219034316,0.117574106
9602,0.432780403,0.325128394,0.188117707,0.053973496
9603,0.092521752,0.697416212,0.092111465,0.11795057
9604,0.208349082,0.4697503,0.141191049,0.180709569
9605,0.258734814,0.678578457,0.048605009,0.01408172
9606,0.208011269,0.618784455,0.08916788,0.084036395
9607,0.285300195,0.58830446,0.099857549,0.026537796
9608,0.03205748,0.790795875,0.134325282,0.042821363
9609,0.485232025,0.294382615,0.127742005,0.092643355
9610,0.748790686,0.110620154,0.043630007,0.096959154
9611,0.261507796,0.338403919,0.345399941,0.054688343
9612,0.497642113,0.311250067,0.036637038,0.154470782
9613,0.390423298,0.2620498,0.303585361,0.043941541
9614,0.604270171,0.100010837,0.072334082,0.22338491
9615,0.037570082,0.740489906,0.059294123,0.162645888
9616,0.425931661,0.049319191,0.205481543,0.319267605
9617,0.217720911,0.183000603,0.13010923,0.469169256
9618,0.178569851,0.255617113,0.25118537,0.314627666
9619,0.174885341,0.12829204,0.104582879,0.592239739
9620,0.056666833,0.349133164,0.090340329,0.503859674
9621,0.662612878,0.045980644,0.116491755,0.174914722
9622,0.155484526,0.100311969,0.159541402,0.584662104
9623,0.03429351,0.610502186,0.107618857,0.247585446
9624,0.348293635,0.023175815,0.246121182,0.382409368
9625,0.328372496,0.337723972,0.083298295,0.250605237
9626,0.294266867,0.226881056,0.155765373,0.323086704
9627,0.092153655,0.605311387,0.085775908,0.21675905
9628,0.248160437,0.046035787,0.0700655,0.635738276
9629,0.294014569,0.084429395,0.336974297,0.284581739
9630,0.160397073,0.208740549,0.488566334,0.142296044
9631,0.091991267,0.470041236,0.059455391,0.378512106
9632,0.060106813,0.056343341,0.661639778,0.221910068
9633,0.257729747,0.231558559,0.208177721,0.302533973
9634,0.212454024,0.356254172,0.10096842,0.330323384
9635,0.243736433,0.099102705,0.266319012,0.39084185
9636,0.181973039,0.276178539,0.17174903,0.370099392
9637,0.073372103,0.345820085,0.439644169,0.141163643
9638,0.408365649,0.125847252,0.260627619,0.20515948
9639,0.790363158,0.060837035,0.123488331,0.025311476
9640,0.257033892,0.326796339,0.321956988,0.094212782
9641,0.117860621,0.038206806,0.665741753,0.178190819
9642,0.292902673,0.337391621,0.069332522,0.300373183
9643,0.085607353,0.196005882,0.19125641,0.527130355
9644,0.233940622,0.109309427,0.116161023,0.540588928
9645,0.263971993,0.072808671,0.225422667,0.437796669
9646,0.378606083,0.087702161,0.097391641,0.436300115
9647,0.199631204,0.103290199,0.615515551,0.081563046
9648,0.273613193,0.050379863,0.218543918,0.457463026
9649,0.040850624,0.652871569,0.120929708,0.185348099
9650,0.356752847,0.062948128,0.490423536,0.089875488
9651,0.124192765,0.072101612,0.567920886,0.235784738
9652,0.296652945,0.087266792,0.061282183,0.554798081
9653,0.444643484,0.168517769,0.24070874,0.146130007
9654,0.10821228,0.13641643,0.395169647,0.360201643
9655,0.408049768,0.053500004,0.25955275,0.278897479
9656,0.190672755,0.201799244,0.52701679,0.080511211
9657,0.132597705,0.091526254,0.488220581,0.287655459
9658,0.114770246,0.401787489,0.382690037,0.100752228
9659,0.058751982,0.826054254,0.043784344,0.07140942
9660,0.179601553,0.340872262,0.237643773,0.241882412
9661,0.063439481,0.086703156,0.748259816,0.101597547
9662,0.163445637,0.560127409,0.07163346,0.204793494
9663,0.398713286,0.383804756,0.120069583,0.097412375
9664,0.024031355,0.129614019,0.792171639,0.054182988
9665,0.180408768,0.145821617,0.565097606,0.108672009
9666,0.081985368,0.419877543,0.231823832,0.266313257
9667,0.378738633,0.247256025,0.133348272,0.240657069
9668,0.096440037,0.347314709,0.311908781,0.244336473
9669,0.295142914,0.487888612,0.102098999,0.114869476
9670,0.084281796,0.45832743,0.245660232,0.211730542
9671,0.427884826,0.187182961,0.292568814,0.092363399
9672,0.187664669,0.383690429,0.113434935,0.315209967
9673,0.345403445,0.096041008,0.502506989,0.056048559
9674,0.10893078,0.279539809,0.285850874,0.325678537
9675,0.338777616,0.094296496,0.452790183,0.114135705
9676,0.235384522,0.351965923,0.241175552,0.171474003
9677,0.187799172,0.168388088,0.501995019,0.141817721
9678,0.186121907,0.349424543,0.31574668,0.14870687
9679,0.039310056,0.155659096,0.552997515,0.252033333
9680,0.205582412,0.409164684,0.164161931,0.221090973
9681,0.308036994,0.509371163,0.16272878,0.019863063
9682,0.289595203,0.131901732,0.455004201,0.123498864
9683,0.10579694,0.761243782,0.048169761,0.084789517
9684,0.473345065,0.301054978,0.165462624,0.060137333
9685,0.358210889,0.38227668,0.107600239,0.151912192
9686,0.022357095,0.522550804,0.375187234,0.079904867
9687,0.239684794,0.414540183,0.123773554,0.22200147
9688,0.331245701,0.267091561,0.112614013,0.289048725
9689,0.152634395,0.621176296,0.130902696,0.095286613
9690,0.576272865,0.087662123,0.271111407,0.064953605
9691,0.243541455,0.235598998,0.148927022,0.371932524
9692,0.144232496,0.113482664,0.144754341,0.597530499
9693,0.495543729,0.071427468,0.393844966,0.039183837
9694,0.022146382,0.214691462,0.132188996,0.63097316
9695,0.164107891,0.076883558,0.714590434,0.044418117
9696,0.149201967,0.208524622,0.099750936,0.542522475
9697,0.321684585,0.445922796,0.119671685,0.112720934
9698,0.076167357,0.154922726,0.474104269,0.294805648
9699,0.330349158,0.039795621,0.135894212,0.493961009
9700,0.083308251,0.309440377,0.071232525,0.536018847
9701,0.739275821,0.093948809,0.044339299,0.122436071
9702,0.063485631,0.344624647,0.113814385,0.478075337
9703,0.188264947,0.143884707,0.416195727,0.251654619
9704,0.34165674,0.135596802,0.149456741,0.373289718
9705,0.121747517,0.179510416,0.374496798,0.324245269
9706,0.118727526,0.344837566,0.136107167,0.400327741
9707,0.740656582,0.105432747,0.080202366,0.073708305
9708,0.08674638,0.141128866,0.181451661,0.590673093
9709,0.225758042,0.558630818,0.107772151,0.107838989
9710,0.292470402,0.354331498,0.161178409,0.192019691
9711,0.347957862,0.117380137,0.229213812,0.305448189
9712,0.449256599,0.327658166,0.130262154,0.092823081
9713,0.065993495,0.453242594,0.348465886,0.132298024
9714,0.203765732,0.089168645,0.528254344,0.178811279
9715,0.11597969,0.359361454,0.309059699,0.215599156
9716,0.15933544,0.183270011,0.618402174,0.038992376
9717,0.25976882,0.133954154,0.507041386,0.09923564
9718,0.026612548,0.224727971,0.709002679,0.039656801
9719,0.112400022,0.379945719,0.218904206,0.288750054
9720,0.568682792,0.115272656,0.253539926,0.062504626
9721,0.501053846,0.114185702,0.191205104,0.193555348
9722,0.523654323,0.119396251,0.232664077,0.124285349
9723,0.126856858,0.591922351,0.088587906,0.192632884
9724,0.07521161,0.17464786,0.665999805,0.084140725
9725,0.370690037,0.054743231,0.477071614,0.097495119
9726,0.345396574,0.170032677,0.284477892,0.200092858
9727,0.054846463,0.479265461,0.430519434,0.035368642
9728,0.162444383,0.373184112,0.280666883,0.183704622
9729,0.062496236,0.13410243,0.721329827,0.082071507
9730,0.397208596,0.066854011,0.229045445,0.306891948
9731,0.051012567,0.204555071,0.674042902,0.07038946
9732,0.268761668,0.261483911,0.182853713,0.286900707
9733,0.379132316,0.299893792,0.137875914,0.183097978
9734,0.152789122,0.267118987,0.319530576,0.260561315
9735,0.352642727,0.425938207,0.066321937,0.155097129
9736,0.070017957,0.282924972,0.514341232,0.13271584
9737,0.026676917,0.247983864,0.599993894,0.125345325
9738,0.079588271,0.105679573,0.631637358,0.183094797
9739,0.139318225,0.154478189,0.638666171,0.067537415
9740,0.496024475,0.038568385,0.359712693,0.105694448
9741,0.131872163,0.555636795,0.172904455,0.139586587
9742,0.025869971,0.545045128,0.143748503,0.285336399
9743,0.054330105,0.203150643,0.682173289,0.060345963
9744,0.164830318,0.359885709,0.439803658,0.035480315
9745,0.232408583,0.129467355,0.548443767,0.089680296
9746,0.08751759,0.22405491,0.581513723,0.106913777
9747,0.367296128,0.111882034,0.232988085,0.287833754
9748,0.441708721,0.152891119,0.286749256,0.118650904
9749,0.14750629,0.322997282,0.203903975,0.325592453
9750,0.307834937,0.492991289,0.162273041,0.036900733
9751,0.193824444,0.306233254,0.233052424,0.266889878
9752,0.215247983,0.106657892,0.639163359,0.038930766
9753,0.098345125,0.114627962,0.26514378,0.521883133
9754,0.192921565,0.337752253,0.268573889,0.200752293
9755,0.216901202,0.285318726,0.42841689,0.069363181
9756,0.106382017,0.548959232,0.297006571,0.04765218
9757,0.304290224,0.12587213,0.49521352,0.074624126
9758,0.669535819,0.060954885,0.183795994,0.085713302
9759,0.072561755,0.327752578,0.277819898,0.321865769
9760,0.023595914,0.481245125,0.459119397,0.036039565
9761,0.230910465,0.081179397,0.52035513,0.167555009
9762,0.170794576,0.176193637,0.198870332,0.454141455
9763,0.095445651,0.060208268,0.817083819,0.027262262
9764,0.208782657,0.308342876,0.113746619,0.369127848
9765,0.180331929,0.614140422,0.055028395,0.150499254
9766,0.301758249,0.232965734,0.269074724,0.196201292
9767,0.140319187,0.183056073,0.159631672,0.516993068
9768,0.451857659,0.116642819,0.052116327,0.379383196
9769,0.210094648,0.258605772,0.024425247,0.506874333
9770,0.257467651,0.512615849,0.043037145,0.186879355
9771,0.165089808,0.324859905,0.055922617,0.45412767
9772,0.164320808,0.32309073,0.017718887,0.494869575
9773,0.079996666,0.048245518,0.346428897,0.52532892
9774,0.169149763,0.406751284,0.065126637,0.358972316
9775,0.150814788,0.29009259,0.407169388,0.151923235
9776,0.102186828,0.149905228,0.03870097,0.709206974
9777,0.050226846,0.325637287,0.119377882,0.504757985
9778,0.24556671,0.03205517,0.063972173,0.658405947
9779,0.55434233,0.198009898,0.055795448,0.191852324
9780,0.055922937,0.663913426,0.028374644,0.251788992
9781,0.033559225,0.076459949,0.37494442,0.515036406
9782,0.057219134,0.080575366,0.446708553,0.415496947
9783,0.226596586,0.141573536,0.32563259,0.306197288
9784,0.032161695,0.209358395,0.124808135,0.633671775
9785,0.118614039,0.419510047,0.03878875,0.423087164
9786,0.396086364,0.116026006,0.107704288,0.380183341
9787,0.060534286,0.055542677,0.203499603,0.680423435
9788,0.050926956,0.235246531,0.231628921,0.482197593
9789,0.249749938,0.15832188,0.199323851,0.39260433
9790,0.273796657,0.250922208,0.264220203,0.211060932
9791,0.035690807,0.262181599,0.587678647,0.114448946
9792,0.136511127,0.135661602,0.153604331,0.574222941
9793,0.385550474,0.212206799,0.233357608,0.16888512
9794,0.025709552,0.176838079,0.155406079,0.64204629
9795,0.529996159,0.10586335,0.150281053,0.213859437
9796,0.072134005,0.154953685,0.586792252,0.186120059
9797,0.052724198,0.224556939,0.300946278,0.421772585
9798,0.158968368,0.410425443,0.186691605,0.243914584
9799,0.062575774,0.409267674,0.140555586,0.387600966
9800,0.17584791,0.040148312,0.063248569,0.720755209
9801,0.086228988,0.164972438,0.426478879,0.322319695
9802,0.396096193,0.300174122,0.191192888,0.112536797
9803,0.183049526,0.056060958,0.347686068,0.413203448
9804,0.097736024,0.03697044,0.661422915,0.20387062
9805,0.540096852,0.20783505,0.101748916,0.150319183
9806,0.216141781,0.048935625,0.072010651,0.662911943
9807,0.068270802,0.305779672,0.175852325,0.450097201
9808,0.046967283,0.196787617,0.174703517,0.581541583
9809,0.082036385,0.057999424,0.597925506,0.262038685
9810,0.176378043,0.065848755,0.040273095,0.717500106
9811,0.148594404,0.235458771,0.045206932,0.570739893
9812,0.105965973,0.585145664,0.04004182,0.268846544
9813,0.427686643,0.124460416,0.157008564,0.290844376
9814,0.197362938,0.392945171,0.067274004,0.342417886
9815,0.095578049,0.029114447,0.152614739,0.722692765
9816,0.153132325,0.293082854,0.042533039,0.511251781
9817,0.090278708,0.033070535,0.043378315,0.833272442
9818,0.014824003,0.315826395,0.168042769,0.501306834
9819,0.03152454,0.24089637,0.182834655,0.544744435
9820,0.04750072,0.027064886,0.1285417,0.796892694
9821,0.460023205,0.050111429,0.061548934,0.428316432
9822,0.137620588,0.094237741,0.048760048,0.719381624
9823,0.045354672,0.206526665,0.066939251,0.681179413
9824,0.115210151,0.221210481,0.0796145,0.583964868
9825,0.027901357,0.094695092,0.180619604,0.696783947
9826,0.379644539,0.08407996,0.079392877,0.456882624
9827,0.372000431,0.281841919,0.053856744,0.292300906
9828,0.058261644,0.523346683,0.166648518,0.251743154
9829,0.556381838,0.088042084,0.306802253,0.048773825
9830,0.099498725,0.15967398,0.356264196,0.384563099
9831,0.355798357,0.054755296,0.11005559,0.479390757
9832,0.065768903,0.350158746,0.098318087,0.485754264
9833,0.051875973,0.746325608,0.023616254,0.178182166
9834,0.076824933,0.14976754,0.287942867,0.485464661
9835,0.309133692,0.099905077,0.09240475,0.498556481
9836,0.088471903,0.243529939,0.099786401,0.568211757
9837,0.171697116,0.29318165,0.08170125,0.453419985
9838,0.122950801,0.158163845,0.063765242,0.655120112
9839,0.208768635,0.081775919,0.143725681,0.565729765
9840,0.146233552,0.086909031,0.24770634,0.519151077
9841,0.062363524,0.215773495,0.475803317,0.246059665
9842,0.247661693,0.280692681,0.103313558,0.368332068
9843,0.36889932,0.166776415,0.046337709,0.417986556
9844,0.567383907,0.100412632,0.168694371,0.163509091
9845,0.082753536,0.650935365,0.133562023,0.132749076
9846,0.039271316,0.195848806,0.404823233,0.360056645
9847,0.063308198,0.354493355,0.317901838,0.264296609
9848,0.053884127,0.304735153,0.194167776,0.447212944
9849,0.560473163,0.047572935,0.162566059,0.229387842
9850,0.362993637,0.162108832,0.138837847,0.336059683
9851,0.097984117,0.383636059,0.074558238,0.443821586
9852,0.156916774,0.517277113,0.060210261,0.265595851
9853,0.139523247,0.0817911,0.120423371,0.658262282
9854,0.146533667,0.179649971,0.574668596,0.099147767
9855,0.139349313,0.624289701,0.089844171,0.146516815
9856,0.20975332,0.072635696,0.028599853,0.689011131
9857,0.429528009,0.155779955,0.102104573,0.312587463
9858,0.123942537,0.064667595,0.696776684,0.114613184
9859,0.123644558,0.040992779,0.367517249,0.467845415
9860,0.099461845,0.160321552,0.486381218,0.253835384
9861,0.138445135,0.567746631,0.189680393,0.104127841
9862,0.318916561,0.211093978,0.061299799,0.408689663
9863,0.21788384,0.059206395,0.076449931,0.646459834
9864,0.097585195,0.183833459,0.524118162,0.194463184
9865,0.40781459,0.167876235,0.111102193,0.313206982
9866,0.18730977,0.166843624,0.297121642,0.348724965
9867,0.338540036,0.128434353,0.204008697,0.329016914
9868,0.163765526,0.061723762,0.112132714,0.662377997
9869,0.56279547,0.044903639,0.28025602,0.11204487
9870,0.118643917,0.185554744,0.055556786,0.640244552
9871,0.092711764,0.194216147,0.077763762,0.635308327
9872,0.147763358,0.301709377,0.384369288,0.166157977
9873,0.582974741,0.065911582,0.213457053,0.137656625
9874,0.586253329,0.065321457,0.269260348,0.079164866
9875,0.076538721,0.210341718,0.333501511,0.37961805
9876,0.254281197,0.071734373,0.323743957,0.350240473
9877,0.077870474,0.085737696,0.460978008,0.375413822
9878,0.075102803,0.078551962,0.356405045,0.48994019
9879,0.108605567,0.10849607,0.382376076,0.400522288
9880,0.272348026,0.052741701,0.19192043,0.482989844
9881,0.447376401,0.035353739,0.461101967,0.056167894
9882,0.309709172,0.39353131,0.126228588,0.17053093
9883,0.169117764,0.066240167,0.559294856,0.205347214
9884,0.39993123,0.415217618,0.015180356,0.169670797
9885,0.05064409,0.127943733,0.729745591,0.091666586
9886,0.321119081,0.266593592,0.201593484,0.210693842
9887,0.130689634,0.161272518,0.544398336,0.163639512
9888,0.498166989,0.20703578,0.116611677,0.178185554
9889,0.489723032,0.330603544,0.120866524,0.0588069
9890,0.431640585,0.045154768,0.115243692,0.407960955
9891,0.302375403,0.351706362,0.28617094,0.059747294
9892,0.366459463,0.042324833,0.489475295,0.101740409
9893,0.167321671,0.178978603,0.587971339,0.065728387
9894,0.619098792,0.115956136,0.196533849,0.068411223
9895,0.090785288,0.100167921,0.48629114,0.322755651
9896,0.205092171,0.318705286,0.139283649,0.336918894
9897,0.72345171,0.188544905,0.053913029,0.034090356
9898,0.389739785,0.061651513,0.271533964,0.277074738
9899,0.503667978,0.176714286,0.06903086,0.250586877
9900,0.773679539,0.1651707,0.047136219,0.014013541
9901,0.171822891,0.115377792,0.529941689,0.182857629
9902,0.214822208,0.504043188,0.241621708,0.039512895
9903,0.27094347,0.298467304,0.393562544,0.037026682
9904,0.031904221,0.030462791,0.907009177,0.030623811
9905,0.685589824,0.168402392,0.08112153,0.064886255
9906,0.10192245,0.057204076,0.798017645,0.042855829
9907,0.395222568,0.126942825,0.149279243,0.328555364
9908,0.076818699,0.370666865,0.522938163,0.029576273
9909,0.141450794,0.65701405,0.151875597,0.049659559
9910,0.718534182,0.134078842,0.080613253,0.066773723
9911,0.364893488,0.205299483,0.419097311,0.010709718
9912,0.228102058,0.059520711,0.667689357,0.044687875
9913,0.5573694,0.351211357,0.075484591,0.015934652
9914,0.553935497,0.174167731,0.166248671,0.105648101
9915,0.169452589,0.051441702,0.76624579,0.012859919
9916,0.215601795,0.080456135,0.647591923,0.056350146
9917,0.119314035,0.561102902,0.283810649,0.035772413
9918,0.310797319,0.408645663,0.085512482,0.195044536
9919,0.310808396,0.257591888,0.220349329,0.211250387
9920,0.119437071,0.367832606,0.111644127,0.401086196
9921,0.094694382,0.171768009,0.086956599,0.64658101
9922,0.082306317,0.437011396,0.061221923,0.419460363
9923,0.185683265,0.362447962,0.135216385,0.316652388
9924,0.062012427,0.148234125,0.337854178,0.451899271
9925,0.098574888,0.364439512,0.4364944,0.100491199
9926,0.543219406,0.276650635,0.054099804,0.126030155
9927,0.564102535,0.163710302,0.090004463,0.182182701
9928,0.120870538,0.190486519,0.117967294,0.570675649
9929,0.173612018,0.308019547,0.092621761,0.425746675
9930,0.02225703,0.34543745,0.235063787,0.397241733
9931,0.126969867,0.321321168,0.204387973,0.347320992
9932,0.629364538,0.061126849,0.187307694,0.122200919
9933,0.155600943,0.256003273,0.292676672,0.295719112
9934,0.416738489,0.213971602,0.120881669,0.248408239
9935,0.328842364,0.313059824,0.055416365,0.302681447
9936,0.162860366,0.086239953,0.357048476,0.393851205
9937,0.332415053,0.475921152,0.024496599,0.167167196
9938,0.175230381,0.279851526,0.131836391,0.413081702
9939,0.241103071,0.268740716,0.144029425,0.346126788
9940,0.12665692,0.067608125,0.167553047,0.638181908
9941,0.075227702,0.190737711,0.195851104,0.538183483
9942,0.364305303,0.185640547,0.058143633,0.391910518
9943,0.196847088,0.108765309,0.123196573,0.57119103
9944,0.12843533,0.229151655,0.189133148,0.453279867
9945,0.135575491,0.052435326,0.385285524,0.426703659
9946,0.153150208,0.394678353,0.314745833,0.137425606
9947,0.456584681,0.088728051,0.161365224,0.293322044
9948,0.148475537,0.145375305,0.370307506,0.335841652
9949,0.211621935,0.318112126,0.121007664,0.349258274
9950,0.235732594,0.219805562,0.180240244,0.3642216
9951,0.622947086,0.110471613,0.082757077,0.183824224
9952,0.246284723,0.091960851,0.145094129,0.516660298
9953,0.612114999,0.099650739,0.147739678,0.140494584
9954,0.071710285,0.090573578,0.210978637,0.6267375
9955,0.099748717,0.184671331,0.082576518,0.633003435
9956,0.265917397,0.159110897,0.197680882,0.377290824
9957,0.792553046,0.048575307,0.094239439,0.064632209
9958,0.22217738,0.315753446,0.229597709,0.232471465
9959,0.738331306,0.045924733,0.160368561,0.0553754
9960,0.132629537,0.572928853,0.088813338,0.205628271
9961,0.071114415,0.380826002,0.335999719,0.212059864
9962,0.45533192,0.287200871,0.087589704,0.169877505
9963,0.049883959,0.510605709,0.339482303,0.100028029
9964,0.389075568,0.091585225,0.158495813,0.360843394
9965,0.560506686,0.101088203,0.141864545,0.196540567
9966,0.278962348,0.214695145,0.211972031,0.294370476
9967,0.159271259,0.149210632,0.476276423,0.215241685
9968,0.231045746,0.074480879,0.451560485,0.24291289
9969,0.768505664,0.053202174,0.058956438,0.119335724
9970,0.547321826,0.096223917,0.213097538,0.143356719
9971,0.274877441,0.524696132,0.148555066,0.051871361
9972,0.119972404,0.726672863,0.09178136,0.061573373
9973,0.183310682,0.357258047,0.125574867,0.333856403
9974,0.10967873,0.532506681,0.187415474,0.170399115
9975,0.155695826,0.124357579,0.606098304,0.113848292
9976,0.358567216,0.434050345,0.111161238,0.096221201
9977,0.286148173,0.130140517,0.162194719,0.421516591
9978,0.281442941,0.157279346,0.141177526,0.420100187
9979,0.307746755,0.380943944,0.09514016,0.216169141
9980,0.334959789,0.166082063,0.128525568,0.37043258
9981,0.251329128,0.220345731,0.258790383,0.269534758
9982,0.552120521,0.123594706,0.214718259,0.109566513
9983,0.0193291,0.07463241,0.099250108,0.806788382
9984,0.099311994,0.249532411,0.548393219,0.102762376
9985,0.07653836,0.252223639,0.360083586,0.311154416
9986,0.210882562,0.186401542,0.233940784,0.368775112
9987,0.076605789,0.222527486,0.50121795,0.199648776
9988,0.042701008,0.216597981,0.417111415,0.323589596
9989,0.307662567,0.121609359,0.276794978,0.293933096
9990,0.179749899,0.252668782,0.126559394,0.441021925
9991,0.491467338,0.130112015,0.293959241,0.084461406
9992,0.089917527,0.039499539,0.240011557,0.630571378
9993,0.545196192,0.247170329,0.062708872,0.144924606
9994,0.231799426,0.115446485,0.196301276,0.456452814
9995,0.582688425,0.199498737,0.16460809,0.053204748
9996,0.072656992,0.522611838,0.385630705,0.019100465
9997,0.20511046,0.275763544,0.50205341,0.017072587
9998,0.330417336,0.448599076,0.111160386,0.109823202
9999,0.089883189,0.620837149,0.219885014,0.069394649
10000,0.912155781,0.025825469,0.053610486,0.008408264
10001,0.223062536,0.343292445,0.288470513,0.145174506
10002,0.58312458,0.225128134,0.143103028,0.048644258
10003,0.334713221,0.592299595,0.054857064,0.01813012
10004,0.679510635,0.183452128,0.083438773,0.053598465
10005,0.67060546,0.135412801,0.168016938,0.025964801
10006,0.673782643,0.186478038,0.1135458,0.026193519
10007,0.216725494,0.583200637,0.148520635,0.051553234
10008,0.025583071,0.176638858,0.790437332,0.007340738
10009,0.487934833,0.349175109,0.147744995,0.015145064
10010,0.533291417,0.082623432,0.367504524,0.016580627
10011,0.080099509,0.801120323,0.095530688,0.02324948
10012,0.482467309,0.398059531,0.072781699,0.046691461
10013,0.214970746,0.376879115,0.364663875,0.043486263
10014,0.586729763,0.195896114,0.053897073,0.16347705
10015,0.122556043,0.509301722,0.308154433,0.059987802
10016,0.155353365,0.366291811,0.143685367,0.334669457
10017,0.036383878,0.262589051,0.135690056,0.565337015
10018,0.376591103,0.098540999,0.183622521,0.341245377
10019,0.342548545,0.169312061,0.281475043,0.206664352
10020,0.085640125,0.551764835,0.076646721,0.285948319
10021,0.63638875,0.127150713,0.036661779,0.199798757
10022,0.139171588,0.250834851,0.230774934,0.379218628
10023,0.245241061,0.390160726,0.092004338,0.272593875
10024,0.107341375,0.659122521,0.148169853,0.085366251
10025,0.057689396,0.269683357,0.360371797,0.312255451
10026,0.170828504,0.170868923,0.167381284,0.490921289
10027,0.720922817,0.101937269,0.116119097,0.061020817
10028,0.029246334,0.535300949,0.080902913,0.354549804
10029,0.077978747,0.358584361,0.102161283,0.461275609
10030,0.098089267,0.285280654,0.274457222,0.342172857
10031,0.194292727,0.582133212,0.063575796,0.159998266
10032,0.071394906,0.328363943,0.499606082,0.100635069
10033,0.489422372,0.043677855,0.258655577,0.208244196
10034,0.069493735,0.228500656,0.334322716,0.367682893
10035,0.090741018,0.375298843,0.131724202,0.402235937
10036,0.332287245,0.115841333,0.038513672,0.51335775
10037,0.230979759,0.240277092,0.095624114,0.433119035
10038,0.101195169,0.226768055,0.124942676,0.5470941
10039,0.160103454,0.557053428,0.147869361,0.134973757
10040,0.117099942,0.207723145,0.197760501,0.477416412
10041,0.089229979,0.250942181,0.274505948,0.385321892
10042,0.239514857,0.091003225,0.505183916,0.164298002
10043,0.308389556,0.20739241,0.15754168,0.326676353
10044,0.204919508,0.197990839,0.158787661,0.438301992
10045,0.268171939,0.375943076,0.178706262,0.177178722
10046,0.061912559,0.199644255,0.417361976,0.32108121
10047,0.06439662,0.107717596,0.432290038,0.395595746
10048,0.186008448,0.274629166,0.18464648,0.354715906
10049,0.687115195,0.191072689,0.012028709,0.109783407
10050,0.087639808,0.319464503,0.243654692,0.349240997
10051,0.044450598,0.371563335,0.201910366,0.382075701
10052,0.244157888,0.533818263,0.052654532,0.169369317
10053,0.030425624,0.173071628,0.391403944,0.405098804
10054,0.039270309,0.102673031,0.340827757,0.517228903
10055,0.233850812,0.278240797,0.094429947,0.393478444
10056,0.113980832,0.287329202,0.28163482,0.317055145
10057,0.061804541,0.241886306,0.215205541,0.481103611
10058,0.146943614,0.086662616,0.468457903,0.297935867
10059,0.010742535,0.377635858,0.282570116,0.329051491
10060,0.125813229,0.381225482,0.184412802,0.308548487
10061,0.581809396,0.238830682,0.04038416,0.138975763
10062,0.122899332,0.515902316,0.087049544,0.274148808
10063,0.183620136,0.391295756,0.031848003,0.393236105
10064,0.019625972,0.631405075,0.289614337,0.059354616
10065,0.371861188,0.202496063,0.081576226,0.344066523
10066,0.166603287,0.324263851,0.097227443,0.411905418
10067,0.090545473,0.203103905,0.522051852,0.18429877
10068,0.181657763,0.330863959,0.225923562,0.261554716
10069,0.217949915,0.077569545,0.13372017,0.57076037
10070,0.158964449,0.135835446,0.177157651,0.528042454
10071,0.031808957,0.315320879,0.477501612,0.175368553
10072,0.032360501,0.043382772,0.646269384,0.277987343
10073,0.250861945,0.135307301,0.036740034,0.577090721
10074,0.163601634,0.242685148,0.36232529,0.231387928
10075,0.204362971,0.052703504,0.089291676,0.653641849
10076,0.092411107,0.351000363,0.154925243,0.401663287
10077,0.17624063,0.122248498,0.335914617,0.365596255
10078,0.375167386,0.06569124,0.145661649,0.413479725
10079,0.236112097,0.264749978,0.289490599,0.209647325
10080,0.061700034,0.16414879,0.226038276,0.548112899
10081,0.380168593,0.072250095,0.099496433,0.448084878
10082,0.263113505,0.159570181,0.307322116,0.269994198
10083,0.436557283,0.081132697,0.064931718,0.417378302
10084,0.056274826,0.554847054,0.079862143,0.309015977
10085,0.100180121,0.121921203,0.084114873,0.693783803
10086,0.184099329,0.264753361,0.07430106,0.47684625
10087,0.415941205,0.29417334,0.046520834,0.243364621
10088,0.170203155,0.168337399,0.266098398,0.395361048
10089,0.352896891,0.048975351,0.258923511,0.339204247
10090,0.128988564,0.150174583,0.059615295,0.661221557
10091,0.262107052,0.090741551,0.222859237,0.424292161
10092,0.085448665,0.218435821,0.053533744,0.64258177
10093,0.037126059,0.19746994,0.28448568,0.480918321
10094,0.213163264,0.067458803,0.246359871,0.473018062
10095,0.130312495,0.130990107,0.231772738,0.50692466
10096,0.05908335,0.199877892,0.387121071,0.353917686
10097,0.096416626,0.052233862,0.115054241,0.736295271
10098,0.072186777,0.158387494,0.354554282,0.414871447
10099,0.194238677,0.138560262,0.309206329,0.357994731
10100,0.143192557,0.219749882,0.110632336,0.526425225
10101,0.333573395,0.295735855,0.077941056,0.292749694
10102,0.095983668,0.145629884,0.255156205,0.503230243
10103,0.298417978,0.02704453,0.402156458,0.272381034
10104,0.0699373,0.065702787,0.684727498,0.179632415
10105,0.048560897,0.103666397,0.162340866,0.68543184
10106,0.041652403,0.044404897,0.719008921,0.194933778
10107,0.116213829,0.203688871,0.052130568,0.627966732
10108,0.066672353,0.104060356,0.09958488,0.72968241
10109,0.215417855,0.192948219,0.254684616,0.33694931
10110,0.033666162,0.621561131,0.117867422,0.226905285
10111,0.147309181,0.151043575,0.466228427,0.235418817
10112,0.07867792,0.591793969,0.082775786,0.246752324
10113,0.172536842,0.250822464,0.06044796,0.516192734
10114,0.404340942,0.075779899,0.209121768,0.31075739
10115,0.084460987,0.499136203,0.04421438,0.37218843
10116,0.145921196,0.257400373,0.325489566,0.271188865
10117,0.103655377,0.138648906,0.556483147,0.20121257
10118,0.207152543,0.269098652,0.116933681,0.406815124
10119,0.058196811,0.151894938,0.301406649,0.488501602
10120,0.126401423,0.068342525,0.517616115,0.287639937
10121,0.429467716,0.045508112,0.118736472,0.4062877
10122,0.58780808,0.166901807,0.094288292,0.151001821
10123,0.019344346,0.32683112,0.412487486,0.241337048
10124,0.338183885,0.379086184,0.105382506,0.177347425
10125,0.080960558,0.223068849,0.082818215,0.613152378
10126,0.126747797,0.58670341,0.051260317,0.235288476
10127,0.202551589,0.108674343,0.558462487,0.130311581
10128,0.047881756,0.119003642,0.166356472,0.666758131
10129,0.153914735,0.263255307,0.149302516,0.433527442
10130,0.376072714,0.057429068,0.030344808,0.536153411
10131,0.357109267,0.117841628,0.215985255,0.309063851
10132,0.067488672,0.083494228,0.301769452,0.547247648
10133,0.564550691,0.04909579,0.064795061,0.321558459
10134,0.202304823,0.077759857,0.245308101,0.474627219
10135,0.130439817,0.107024371,0.062912224,0.699623588
10136,0.207613395,0.062417753,0.063487109,0.666481743
10137,0.092271428,0.341473332,0.31170375,0.25455149
10138,0.1567862,0.092355869,0.141713273,0.609144658
10139,0.370273671,0.039056398,0.101227659,0.489442272
10140,0.200147177,0.119919073,0.048007957,0.631925793
10141,0.282769113,0.136887499,0.253572484,0.326770904
10142,0.125991659,0.032394906,0.289934307,0.551679128
10143,0.063361326,0.14910283,0.217621369,0.569914476
10144,0.129799577,0.185138749,0.36752449,0.317537184
10145,0.109604925,0.115453833,0.041374056,0.733567185
10146,0.421678155,0.412306324,0.022251855,0.143763666
10147,0.307146057,0.15274814,0.244244564,0.295861238
10148,0.215018782,0.049487167,0.398070555,0.337423496
10149,0.044324284,0.380217931,0.259243293,0.316214492
10150,0.264013205,0.203227235,0.162220285,0.370539276
10151,0.490026218,0.152495223,0.096546508,0.260932051
10152,0.151340019,0.228542223,0.057304309,0.562813449
10153,0.331058449,0.099645142,0.120460671,0.448835738
10154,0.095372344,0.127622796,0.348100245,0.428904615
10155,0.07485718,0.294066967,0.525538719,0.105537133
10156,0.150075153,0.220406023,0.075752235,0.553766589
10157,0.521130387,0.235567121,0.082390946,0.160911546
10158,0.313762121,0.061677639,0.072868901,0.551691339
10159,0.078410475,0.198935479,0.327889364,0.394764681
10160,0.096410486,0.244473165,0.395758826,0.263357522
10161,0.05050941,0.071805479,0.52293692,0.354748191
10162,0.30467013,0.285742445,0.146447293,0.263140132
10163,0.035456413,0.052840707,0.174705076,0.736997803
10164,0.127502441,0.190895942,0.495088893,0.186512723
10165,0.346257832,0.068126619,0.216264331,0.369351218
10166,0.089179636,0.263465608,0.336597317,0.310757439
10167,0.071483669,0.091063733,0.173418521,0.664034077
10168,0.097722566,0.627667837,0.039789655,0.234819942
10169,0.090247669,0.112766217,0.232942344,0.56404377
10170,0.365281071,0.077662312,0.075146597,0.48191002
10171,0.106089051,0.344744147,0.209386863,0.339779939
10172,0.245227213,0.058839271,0.176271292,0.519662225
10173,0.16688775,0.31041911,0.039203826,0.483489314
10174,0.380875642,0.293127829,0.055702302,0.270294226
10175,0.072873492,0.074054993,0.472696487,0.380375029
10176,0.268087378,0.174939008,0.107505879,0.449467734
10177,0.114614784,0.568855926,0.052949182,0.263580108
10178,0.128222793,0.329832858,0.131488209,0.41045614
10179,0.220220317,0.046989057,0.281485389,0.451305237
10180,0.076381258,0.152997891,0.100604123,0.670016729
10181,0.044365265,0.76677702,0.055296487,0.133561227
10182,0.251443091,0.075847267,0.068564403,0.604145239
10183,0.051762335,0.239907273,0.036790606,0.671539786
10184,0.33655812,0.217644624,0.073677974,0.372119282
10185,0.401056656,0.287689886,0.172065515,0.139187942
10186,0.074752985,0.680285445,0.220065225,0.024896344
10187,0.226357321,0.06557348,0.609928106,0.098141093
10188,0.234877847,0.481490903,0.154838468,0.128792783
10189,0.064827096,0.083430625,0.823995507,0.027746772
10190,0.699503625,0.123233626,0.103570599,0.07369215
10191,0.405704903,0.257326244,0.191668311,0.145300542
10192,0.404511249,0.415335693,0.08821003,0.091943028
10193,0.238925845,0.319875828,0.260065965,0.181132363
10194,0.25857488,0.123991538,0.441300878,0.176132704
10195,0.041210874,0.424654177,0.496979777,0.037155172
10196,0.443872801,0.077705948,0.400876815,0.077544437
10197,0.579212512,0.162600615,0.172187631,0.085999242
10198,0.085418677,0.806189161,0.075822546,0.032569617
10199,0.185907077,0.077897541,0.639918709,0.096276673
10200,0.119864983,0.055483603,0.785865736,0.038785678
10201,0.215074362,0.445622804,0.084006034,0.2552968
10202,0.335548275,0.308476718,0.253048227,0.10292678
10203,0.280801664,0.333960656,0.194594193,0.190643487
10204,0.060846129,0.329965079,0.420982834,0.188205958
10205,0.571373141,0.205756216,0.046242261,0.176628382
10206,0.167242632,0.215270831,0.050253962,0.567232574
10207,0.238012152,0.312500821,0.212749715,0.236737312
10208,0.048604564,0.068053862,0.169797834,0.71354374
10209,0.270830012,0.149099627,0.085197083,0.494873278
10210,0.071921302,0.621714758,0.041643151,0.264720789
10211,0.049454493,0.243961834,0.590823902,0.115759771
10212,0.074702444,0.094312706,0.525244923,0.305739927
10213,0.425996812,0.13206833,0.023328244,0.418606614
10214,0.049279413,0.074963287,0.213354948,0.662402352
10215,0.258607336,0.27164415,0.343853568,0.125894946
10216,0.440393759,0.049027824,0.343363929,0.167214488
10217,0.047670437,0.33111753,0.488478907,0.132733127
10218,0.117094966,0.229223946,0.020120887,0.633560201
10219,0.100844889,0.193124051,0.266435862,0.439595198
10220,0.048261458,0.257134345,0.191319171,0.503285025
10221,0.182761364,0.094579615,0.228230393,0.494428628
10222,0.36492614,0.128163809,0.247362288,0.259547762
10223,0.224979841,0.655163008,0.066792355,0.053064796
10224,0.053169365,0.229019085,0.629394108,0.088417442
10225,0.127913109,0.360682416,0.381382902,0.130021573
10226,0.36784291,0.414638207,0.114340751,0.103178132
10227,0.115347581,0.310209395,0.515681443,0.05876158
10228,0.163762047,0.400951733,0.301589082,0.133697138
10229,0.378841999,0.149721988,0.435288835,0.036147178
10230,0.372205453,0.098481963,0.444519729,0.084792855
10231,0.250414201,0.186687206,0.393404793,0.1694938
10232,0.574472033,0.105640567,0.124484383,0.195403016
10233,0.152560392,0.401547003,0.380097378,0.065795227
10234,0.185970671,0.693325843,0.098621024,0.022082463
10235,0.334349394,0.344893001,0.192643813,0.128113792
10236,0.120805552,0.544506911,0.205253614,0.129433922
10237,0.133297881,0.576665216,0.176017203,0.1140197
10238,0.371002028,0.254705355,0.189093763,0.185198855
10239,0.389245856,0.249017435,0.337416653,0.024320056
10240,0.041981758,0.717637224,0.2254429,0.014938118
10241,0.206079041,0.113786743,0.61152567,0.068608546
