No,Ch1,Ch2,Ch3,Ch49501,0.180257511,0.107296137,0.203433476,0.5090128769502,0.324392288,0.096395641,0.082145851,0.497066229503,0.070871722,0.288447909,0.220411056,0.4202693139504,0.2631288,0.208955224,0.200110558,0.3278054179505,0.091381872,0.332095097,0.135958395,0.4405646369506,0.240062354,0.197194076,0.100545596,0.4621979739507,0.360222531,0.111961057,0.115438108,0.4123783039508,0.110364683,0.193857965,0.126679463,0.5690978899509,0.247512438,0.301616915,0.082089552,0.3687810959510,0.19266055,0.165137615,0.098165138,0.5440366979511,0.338492598,0.095558546,0.166890983,0.3990578739512,0.114310646,0.201570681,0.166666667,0.5174520079513,0.183656276,0.163437237,0.153327717,0.499578779514,0.112537019,0.184600197,0.117472853,0.5853899319515,0.182101167,0.285603113,0.070817121,0.4614785999516,0.124436429,0.259693417,0.081154193,0.534715969517,0.179090909,0.151818182,0.13,0.5390909099518,0.140142518,0.08709422,0.303246239,0.4695170239519,0.081403509,0.159298246,0.343157895,0.4161403519520,0.166064982,0.336943442,0.25511432,0.2418772569521,0.363745498,0.286914766,0.108043217,0.2412965199522,0.269674711,0.366211962,0.15320042,0.2109129079523,0.254580521,0.43683703,0.114754098,0.1938283519524,0.222516556,0.246357616,0.264900662,0.2662251669525,0.187547456,0.340926348,0.318906606,0.152619599526,0.178062678,0.34045584,0.195156695,0.2863247869527,0.144346431,0.332798717,0.361668003,0.1611868489528,0.203991131,0.37804878,0.195121951,0.2228381379529,0.24376947,0.220404984,0.379283489,0.1565420569530,0.282269504,0.170212766,0.262411348,0.2851063839531,0.326350606,0.248070562,0.203969129,0.2216097029532,0.220430108,0.169354839,0.340053763,0.270161299533,0.319283456,0.239199157,0.22971549,0.2118018979534,0.447044335,0.183497537,0.121921182,0.2475369469535,0.229471316,0.364454443,0.179977503,0.2260967389536,0.505747126,0.185823755,0.115900383,0.1925287369537,0.141952984,0.389692586,0.286618445,0.1817359869538,0.314049587,0.228650138,0.180440771,0.2768595049539,0.11568323,0.152173913,0.331521739,0.4006211189540,0.150761828,0.113071371,0.322373697,0.4137931039541,0.335543767,0.198938992,0.123342175,0.3421750669542,0.33490566,0.18081761,0.078616352,0.4056603779543,0.102830189,0.100943396,0.309433962,0.4867924539544,0.17571885,0.108626198,0.303514377,0.4121405759545,0.272407733,0.157293497,0.116871705,0.4534270659546,0.162046908,0.257285004,0.213930348,0.366737749547,0.114517583,0.248872858,0.171325518,0.465284049548,0.152466368,0.30941704,0.075336323,0.4627802699549,0.115646259,0.342176871,0.191156463,0.3510204089550,0.150414938,0.101659751,0.212655602,0.535269719551,0.255407654,0.131447587,0.183860233,0.4292845269552,0.204016913,0.102536998,0.147991543,0.5454545459553,0.262886598,0.219931271,0.073883162,0.4432989699554,0.230853392,0.118161926,0.08643326,0.5645514229555,0.194503171,0.324171952,0.117688513,0.3636363649556,0.144242424,0.111515152,0.118787879,0.6254545459557,0.318460192,0.15048119,0.079615048,0.451443579558,0.219441771,0.321462945,0.300288739,0.1588065459559,0.282773564,0.257854821,0.280606717,0.1787648979560,0.360927152,0.124172185,0.378311258,0.1365894049561,0.197350993,0.349668874,0.234437086,0.2185430469562,0.215328467,0.416058394,0.167883212,0.2007299279563,0.272108844,0.180952381,0.32244898,0.2244897969564,0.158425832,0.170534813,0.504540868,0.1664984869565,0.335146159,0.223657376,0.329027872,0.1121685939566,0.293777135,0.295947902,0.290882779,0.1193921859567,0.24047619,0.299206349,0.329365079,0.1309523819568,0.3125,0.263888889,0.309027778,0.1145833339569,0.211091234,0.227191413,0.266547406,0.2951699469570,0.270718232,0.455801105,0.121546961,0.1519337029571,0.150214592,0.284978541,0.423175966,0.1416309019572,0.159405941,0.197029703,0.48019802,0.1633663379573,0.289678135,0.135405105,0.391786903,0.1831298569574,0.123167155,0.41544477,0.300097752,0.1612903239575,0.248427673,0.29245283,0.199685535,0.2594339629576,0.155328798,0.400226757,0.257369615,0.187074839577,0.192584964,0.265705458,0.295571576,0.2461380029578,0.160832545,0.37653737,0.236518448,0.2261116379579,0.095582329,0.380722892,0.331726908,0.1919678719580,0.168502203,0.171806167,0.396475771,0.2632158599581,0.184761905,0.134285714,0.453333333,0.2276190489582,0.440891473,0.152131783,0.175387597,0.2315891479583,0.208459215,0.220543807,0.209969789,0.361027199584,0.173652695,0.339606501,0.282292558,0.2044482469585,0.449521785,0.163655685,0.132837407,0.2539851229586,0.227709191,0.205761317,0.238683128,0.3278463659587,0.165245203,0.118336887,0.461620469,0.2547974419588,0.39046538,0.172531215,0.165720772,0.2712826339589,0.387012987,0.249350649,0.156709957,0.2069264079590,0.341331269,0.167956656,0.305727554,0.184984529591,0.221932115,0.253263708,0.212793734,0.3120104449592,0.172191529,0.186924494,0.420810313,0.2200736659593,0.280169372,0.346506704,0.204657728,0.1686661969594,0.137418756,0.326833798,0.313834726,0.2219127219595,0.29206118,0.203932993,0.32993445,0.1740713779596,0.152817574,0.289398281,0.372492837,0.1852913099597,0.31243973,0.337512054,0.162970106,0.187078119598,0.257607926,0.355980184,0.249115357,0.1372965329599,0.227027027,0.365405405,0.197837838,0.209729739600,0.352211016,0.334367727,0.16291699,0.1505042679601,0.316184352,0.174705252,0.301178992,0.2079314049602,0.204,0.244,0.358,0.1949603,0.160161507,0.378196501,0.200538358,0.2611036349604,0.20295203,0.295202952,0.263222632,0.2386223869605,0.167898627,0.430834213,0.196409715,0.2048574459606,0.285839161,0.328671329,0.215909091,0.169580429607,0.208583691,0.411158798,0.213733906,0.1665236059608,0.158921933,0.43401487,0.226765799,0.1802973989609,0.317647059,0.223529412,0.251336898,0.2074866319610,0.413280476,0.185332012,0.209117939,0.1922695749611,0.19370229,0.263358779,0.357824427,0.1851145049612,0.376009227,0.224913495,0.175317186,0.2237600929613,0.245821042,0.208456244,0.354965585,0.1907571299614,0.321133412,0.18772137,0.262101535,0.2290436849615,0.119108826,0.526992288,0.083976007,0.2699228799616,0.37080689,0.126926564,0.216681777,0.2855847699617,0.300357569,0.15852205,0.165673421,0.3754469619618,0.143968872,0.324513619,0.286381323,0.2451361879619,0.170868347,0.161064426,0.226890756,0.4411764719620,0.221627409,0.336188437,0.104925054,0.3372591019621,0.445193929,0.15682968,0.13237774,0.2655986519622,0.195121951,0.1875,0.137195122,0.4801829279623,0.068783069,0.434744268,0.218694885,0.2777777789624,0.307774228,0.112886049,0.243876464,0.3354632599625,0.297085202,0.243273543,0.106502242,0.3531390139626,0.353730092,0.238055323,0.14417435,0.2640402359627,0.170515098,0.402309059,0.147424512,0.2797513329628,0.307604994,0.149829739,0.185017026,0.3575482419629,0.374100719,0.097122302,0.245503597,0.2832733819630,0.294158076,0.286597938,0.202749141,0.2164948459631,0.168051708,0.379501385,0.161588181,0.2908587269632,0.136363636,0.147727273,0.417613636,0.2982954559633,0.289980732,0.195568401,0.210982659,0.3034682089634,0.232804233,0.337566138,0.171428571,0.2582010589635,0.167605634,0.166197183,0.322535211,0.3436619729636,0.142180095,0.318720379,0.25,0.2890995269637,0.127478754,0.253068933,0.38904627,0.2304060439638,0.313848921,0.191546763,0.275179856,0.219424469639,0.407407407,0.140901771,0.255233494,0.1964573279640,0.284090909,0.268716578,0.284090909,0.1631016049641,0.219864995,0.136933462,0.407907425,0.2352941189642,0.283566058,0.294307197,0.160042965,0.2620837819643,0.183804627,0.248071979,0.254498715,0.3136246799644,0.277641278,0.242014742,0.180589681,0.29975439645,0.257142857,0.189285714,0.263095238,0.290476199646,0.329009434,0.161556604,0.221698113,0.2877358499647,0.175209692,0.150046598,0.447343896,0.2273998149648,0.274175199,0.129692833,0.3185438,0.2775881689649,0.131256952,0.382647386,0.214682981,0.2714126819650,0.201809955,0.17918552,0.398190045,0.220814489651,0.249249249,0.168168168,0.338338338,0.2442442449652,0.261872456,0.203527815,0.203527815,0.3310719139653,0.404366812,0.081222707,0.156331878,0.3580786039654,0.112348178,0.207489879,0.265182186,0.4149797579655,0.171253823,0.203873598,0.206931702,0.4179408779656,0.264166667,0.165,0.229166667,0.3416666679657,0.211494253,0.097701149,0.21954023,0.4712643689658,0.182291667,0.248263889,0.213541667,0.3559027789659,0.133386581,0.424920128,0.114217252,0.3274760389660,0.138568129,0.205542725,0.182448037,0.4734411099661,0.120607787,0.165242165,0.324786325,0.3893637239662,0.161518094,0.33451015,0.142100618,0.3618711399663,0.241291419,0.271028037,0.139337298,0.3483432469664,0.155688623,0.157399487,0.336184773,0.3507271179665,0.156898106,0.174030658,0.299368801,0.3697024359666,0.218162839,0.21085595,0.143006263,0.4279749489667,0.245076586,0.133479212,0.172866521,0.4485776819668,0.162479062,0.246231156,0.247906198,0.3433835859669,0.258089368,0.298151002,0.12788906,0.315870579670,0.159509202,0.258545136,0.222611744,0.3593339189671,0.265580737,0.192634561,0.251416431,0.2903682729672,0.344202899,0.347826087,0.20923913,0.0987318849673,0.275826446,0.191115702,0.420454545,0.1126033069674,0.238554217,0.245783133,0.384337349,0.1313253019675,0.320334262,0.179665738,0.348189415,0.1518105859676,0.238482385,0.37398374,0.239837398,0.1476964779677,0.210714286,0.229464286,0.4625,0.0973214299678,0.183098592,0.352112676,0.325224072,0.1395646619679,0.193591455,0.234979973,0.425901202,0.145527379680,0.321336761,0.334190231,0.20437018,0.1401028289681,0.28132033,0.417104276,0.219804951,0.0817704439682,0.237470167,0.257756563,0.374701671,0.1300715999683,0.239378238,0.463212435,0.184455959,0.1129533689684,0.340572557,0.365251728,0.186574531,0.1076011859685,0.279156328,0.40942928,0.17617866,0.1352357329686,0.145669291,0.42519685,0.321850394,0.1072834659687,0.240932642,0.404145078,0.21373057,0.141191719688,0.324461343,0.276299113,0.261089987,0.1381495569689,0.278661088,0.445188285,0.184937238,0.0912133899690,0.426433915,0.172901081,0.310058188,0.0906068169691,0.169974116,0.246764452,0.159620362,0.423641079692,0.160815402,0.123442809,0.159682899,0.556058899693,0.283163265,0.110969388,0.292729592,0.3131377559694,0.120805369,0.2042186,0.2042186,0.470757439695,0.202432046,0.191702432,0.254649499,0.3512160239696,0.153225806,0.14516129,0.1359447,0.5656682039697,0.20807666,0.314852841,0.140999316,0.3360711849698,0.141563786,0.15308642,0.301234568,0.4041152269699,0.18083004,0.169960474,0.164031621,0.4851778669700,0.115163148,0.243761996,0.169865643,0.4712092139701,0.370906321,0.134805788,0.12033511,0.373952789702,0.13163482,0.182590234,0.164543524,0.5212314239703,0.28046875,0.1125,0.2234375,0.383593759704,0.182952183,0.152806653,0.153846154,0.510395019705,0.151964418,0.200148258,0.28391401,0.3639733149706,0.122374429,0.298630137,0.130593607,0.4484018269707,0.36640625,0.14765625,0.10234375,0.383593759708,0.126966292,0.140449438,0.180898876,0.5516853939709,0.238825032,0.325670498,0.121966794,0.3135376769710,0.335388409,0.342786683,0.224414303,0.0974106049711,0.310551559,0.288968825,0.305755396,0.0947242219712,0.340227508,0.34229576,0.235780765,0.0816959679713,0.226330027,0.339945897,0.362488729,0.0712353479714,0.164974619,0.159898477,0.574873096,0.1002538079715,0.197303922,0.332107843,0.37377451,0.0968137259716,0.295492487,0.144407346,0.494156928,0.0659432399717,0.299487179,0.343589744,0.275897436,0.0810256419718,0.12195122,0.302619693,0.504065041,0.0713640479719,0.224466891,0.301907969,0.384960718,0.0886644229720,0.291932059,0.158174098,0.466029724,0.0838641199721,0.382139148,0.158878505,0.37694704,0.0820353069722,0.47690387,0.18227216,0.242197253,0.0986267179723,0.217712177,0.494464945,0.190651907,0.0971709729724,0.212285456,0.168925023,0.547425474,0.0713640479725,0.324152542,0.170550847,0.421610169,0.0836864419726,0.290322581,0.278225806,0.272177419,0.1592741949727,0.136744186,0.426046512,0.36372093,0.0734883729728,0.209981168,0.43126177,0.284369115,0.0743879479729,0.211412535,0.166510758,0.385406922,0.2366697859730,0.249694002,0.210526316,0.230110159,0.3096695239731,0.178178178,0.241241241,0.327327327,0.2532532539732,0.238372093,0.284883721,0.18255814,0.2941860479733,0.242390079,0.257046223,0.215332582,0.2852311169734,0.195530726,0.262569832,0.259217877,0.2826815649735,0.28308026,0.310195228,0.132321041,0.2744034719736,0.216075157,0.293319415,0.22651357,0.2640918589737,0.152329749,0.253584229,0.367383513,0.2267025099738,0.190631808,0.179738562,0.354030501,0.2755991299739,0.181623932,0.204059829,0.344017094,0.2702991459740,0.301851852,0.149074074,0.314814815,0.2342592599741,0.232269504,0.375,0.168439716,0.224290789742,0.183333333,0.38125,0.171875,0.2635416679743,0.160037879,0.278409091,0.321969697,0.2395833339744,0.223911541,0.340704907,0.260539046,0.1748445069745,0.280214861,0.165622202,0.327663384,0.2264995529746,0.161616162,0.261707989,0.344352617,0.2323232329747,0.293248945,0.201476793,0.238396624,0.2668776379748,0.326007326,0.192918193,0.222222222,0.2588522599749,0.220456802,0.361469712,0.20754717,0.2105263169750,0.281224152,0.382961125,0.160463193,0.175351539751,0.235294118,0.276214834,0.217391304,0.2710997449752,0.279377432,0.157976654,0.39766537,0.1649805459753,0.19754977,0.215926493,0.2618683,0.3246554369754,0.216454456,0.33986288,0.236043095,0.2076395699755,0.278005464,0.263661202,0.31352459,0.1448087439756,0.237837838,0.349324324,0.269594595,0.1432432439757,0.34681182,0.129860031,0.358475894,0.1648522559758,0.436708861,0.121308017,0.21835443,0.2236286929759,0.178045515,0.287817938,0.250334672,0.2838018749760,0.108251996,0.402839397,0.30079858,0.1881100279761,0.259701493,0.228358209,0.195522388,0.316417919762,0.25648855,0.207633588,0.21221374,0.3236641229763,0.22148289,0.126425856,0.450570342,0.2015209139764,0.337050805,0.247831475,0.152416357,0.2627013639765,0.252145923,0.404506438,0.115879828,0.2274678119766,0.293715847,0.209016393,0.207650273,0.2896174869767,0.167231638,0.186440678,0.24519774,0.4011299449768,0.419191919,0.129292929,0.092929293,0.3585858599769,0.242087254,0.337040205,0.117194183,0.3036783589770,0.353879623,0.274111675,0.11457578,0.2574329229771,0.273104881,0.249221184,0.109034268,0.3686396689772,0.196691176,0.399816176,0.077205882,0.3262867659773,0.17037037,0.122222222,0.378703704,0.3287037049774,0.189792663,0.444976077,0.082137161,0.2830940999775,0.236081748,0.178294574,0.335447498,0.250176189776,0.230676329,0.22705314,0.11352657,0.4287439619777,0.126205788,0.436495177,0.15192926,0.2853697759778,0.405181347,0.103626943,0.123316062,0.3678756489779,0.463235294,0.1375,0.138235294,0.2610294129780,0.087370242,0.519896194,0.085640138,0.3070934269781,0.173870334,0.091355599,0.386051081,0.3487229869782,0.108474576,0.143502825,0.346892655,0.4011299449783,0.246535376,0.106491612,0.388037929,0.2589350849784,0.126687435,0.339563863,0.165109034,0.3686396689785,0.154326494,0.433541481,0.095450491,0.3166815349786,0.269797422,0.183241252,0.140883978,0.4060773489787,0.211494253,0.096551724,0.185057471,0.5068965529788,0.124561404,0.223684211,0.264912281,0.3868421059789,0.204716981,0.261320755,0.117924528,0.4160377369790,0.295103957,0.286384977,0.122736419,0.2957746489791,0.079764903,0.219143577,0.330814442,0.3702770789792,0.123486683,0.165859564,0.176755448,0.5338983059793,0.304821151,0.16562986,0.186625194,0.3429237959794,0.124634859,0.188899708,0.257059396,0.4294060379795,0.29252669,0.144483986,0.24911032,0.3138790049796,0.221848739,0.117647059,0.289915966,0.3705882359797,0.09478673,0.31042654,0.246445498,0.3483412329798,0.242559524,0.259672619,0.169642857,0.3281259799,0.113697404,0.370635631,0.120859445,0.394807529800,0.245024876,0.095771144,0.110696517,0.5485074639801,0.193973635,0.123352166,0.267419962,0.4152542379802,0.28956422,0.314220183,0.143348624,0.2528669729803,0.123505976,0.120517928,0.316733068,0.4392430289804,0.189210321,0.081313526,0.384675528,0.3448006259805,0.328442438,0.20993228,0.165914221,0.2957110619806,0.30206379,0.119136961,0.087242026,0.4915572239807,0.135220126,0.269654088,0.183176101,0.4119496869808,0.101396032,0.254959589,0.258633358,0.3850110219809,0.115113547,0.091620987,0.382928739,0.4103367279810,0.28940784,0.179316097,0.094245204,0.4370308599811,0.164917541,0.329085457,0.113193403,0.3928035989812,0.233386076,0.27056962,0.081487342,0.4145569629813,0.354195323,0.107977992,0.177441541,0.3603851449814,0.163911846,0.389807163,0.085399449,0.3608815439815,0.141630901,0.103004292,0.193133047,0.562231769816,0.177759056,0.314237574,0.066554339,0.4414490319817,0.144632768,0.108474576,0.15480226,0.5920903959818,0.094410876,0.324773414,0.185045317,0.3957703939819,0.104770814,0.188961646,0.216089804,0.4901777369820,0.12886049,0.136315229,0.176783813,0.5580404699821,0.407066052,0.086789555,0.103686636,0.4024577579822,0.158783784,0.141891892,0.109234234,0.590090099823,0.079777365,0.319109462,0.115027829,0.4860853439824,0.183625731,0.174269006,0.369590643,0.272514629825,0.180397727,0.176136364,0.3125,0.3309659099826,0.258098224,0.257053292,0.24137931,0.2434691759827,0.291474654,0.26843318,0.171658986,0.268433189828,0.22405877,0.338842975,0.223140496,0.2139577599829,0.441384736,0.107789142,0.267505901,0.183320229830,0.21124031,0.157945736,0.40503876,0.2257751949831,0.339181287,0.150877193,0.237426901,0.272514629832,0.15704698,0.379865772,0.15033557,0.3127516789833,0.147302905,0.475103734,0.135892116,0.2417012459834,0.146929825,0.127192982,0.470394737,0.2554824569835,0.239819005,0.197586727,0.211161388,0.3514328819836,0.147808359,0.423037717,0.191641182,0.2375127429837,0.204301075,0.33213859,0.185185185,0.2783751499838,0.211484594,0.263305322,0.198879552,0.3263305329839,0.194148936,0.204787234,0.291223404,0.3098404269840,0.318085106,0.134042553,0.3,0.247872349841,0.172413793,0.212068966,0.414655172,0.2008620699842,0.163636364,0.35,0.221590909,0.2647727279843,0.358183376,0.155955441,0.125107112,0.360754079844,0.266945607,0.190794979,0.189958159,0.3523012559845,0.153231663,0.312999274,0.228031954,0.305737119846,0.145914397,0.1692607,0.275291829,0.4095330749847,0.133119487,0.279069767,0.250200481,0.3376102659848,0.149325626,0.228323699,0.216763006,0.4055876699849,0.360869565,0.12173913,0.151304348,0.3660869579850,0.31703204,0.171163575,0.15682968,0.3549747059851,0.172222222,0.217777778,0.142222222,0.4677777789852,0.155896607,0.34006462,0.163974152,0.340064629853,0.185098952,0.15250291,0.172293364,0.4901047739854,0.230819672,0.173770492,0.319344262,0.2760655749855,0.149443561,0.39745628,0.118441971,0.3346581889856,0.317140238,0.138405133,0.158570119,0.385884519857,0.34256927,0.14861461,0.155331654,0.3534844679858,0.210365854,0.121189024,0.347560976,0.3208841469859,0.138613861,0.114411441,0.283828383,0.4631463159860,0.104240283,0.139575972,0.384275618,0.3719081279861,0.288517442,0.233284884,0.172238372,0.3059593029862,0.367296631,0.307313065,0.114215283,0.2111750219863,0.303144654,0.193710692,0.179874214,0.323270449864,0.179218303,0.188751192,0.387035272,0.2449952349865,0.363043478,0.213043478,0.144565217,0.2793478269866,0.179679144,0.201069519,0.344385027,0.274866319867,0.252229299,0.240764331,0.179617834,0.3273885359868,0.261597938,0.166237113,0.240979381,0.3311855679869,0.387173397,0.090261283,0.319081552,0.2034837699870,0.135693215,0.308259587,0.17699115,0.3790560479871,0.169544741,0.240188383,0.186813187,0.4034536899872,0.151300236,0.36249015,0.283687943,0.2025216719873,0.32195572,0.152214022,0.288745387,0.2370848719874,0.356245381,0.107908352,0.345898004,0.1899482639875,0.175609756,0.243902439,0.267073171,0.3134146349876,0.375578168,0.144310823,0.242368178,0.2377428319877,0.127475248,0.158415842,0.396039604,0.3180693079878,0.209486166,0.218708827,0.233201581,0.3386034269879,0.170533643,0.155452436,0.37587007,0.2981438529880,0.241935484,0.156891496,0.224340176,0.3768328459881,0.318374259,0.107535986,0.481795089,0.0922946669882,0.211521926,0.507308684,0.18744626,0.093723139883,0.22995283,0.156839623,0.484669811,0.1285377369884,0.346035015,0.384140062,0.157569516,0.1122554079885,0.137214137,0.172557173,0.576923077,0.1133056139886,0.445434298,0.24610245,0.187082405,0.1213808469887,0.185507246,0.225120773,0.484057971,0.105314019888,0.469248292,0.217539863,0.189066059,0.1241457869889,0.289241623,0.42680776,0.187830688,0.0961199299890,0.359068627,0.166666667,0.340686275,0.1335784319891,0.243562978,0.413361169,0.267223382,0.075852479892,0.275862069,0.110344828,0.519827586,0.0939655179893,0.179149798,0.184210526,0.526315789,0.1103238879894,0.542072631,0.170062002,0.191319752,0.0965456169895,0.213618158,0.209612817,0.431241656,0.145527379896,0.189873418,0.465822785,0.206329114,0.1379746849897,0.542003231,0.222132472,0.147819063,0.0880452349898,0.398854962,0.140267176,0.356870229,0.1040076349899,0.426883309,0.202363368,0.209748892,0.1610044319900,0.373066424,0.232939035,0.196542311,0.1974522299901,0.246376812,0.21516165,0.296544036,0.2419175039902,0.27996782,0.308125503,0.237329043,0.1745776359903,0.271173271,0.305361305,0.254856255,0.1686091699904,0.22192029,0.179347826,0.402173913,0.1965579719905,0.336882865,0.256534366,0.196515005,0.2100677649906,0.238095238,0.175278622,0.366767984,0.2198581569907,0.335540839,0.218543046,0.206401766,0.2395143499908,0.177799607,0.275049116,0.333988212,0.2131630659909,0.204963235,0.379595588,0.215992647,0.1994485299910,0.35801217,0.244421907,0.177484787,0.2200811369911,0.24366872,0.302532512,0.305270363,0.1485284059912,0.349315068,0.158390411,0.306506849,0.1857876719913,0.325526932,0.346604215,0.158469945,0.1693989079914,0.32312566,0.223864836,0.223864836,0.2291446679915,0.255166217,0.221024259,0.32884097,0.1949685539916,0.330985915,0.146126761,0.331866197,0.1910211279917,0.215592681,0.341288783,0.270485282,0.1726332549918,0.33901919,0.249466951,0.180170576,0.2313432849919,0.284731774,0.317056396,0.291609354,0.1066024769920,0.320402299,0.255747126,0.201149425,0.2227011499921,0.258513932,0.33126935,0.170278638,0.239938089922,0.22605364,0.363984674,0.212005109,0.1979565779923,0.248201439,0.389688249,0.176258993,0.1858513199924,0.134408602,0.220430108,0.478494624,0.1666666679925,0.204018547,0.324574961,0.351622875,0.1197836179926,0.393169182,0.316918189,0.166799047,0.1231135829927,0.518375242,0.167311412,0.164410058,0.1499032889928,0.252442997,0.270358306,0.2247557,0.2524429979929,0.264334305,0.421768707,0.163265306,0.1506316819930,0.141091658,0.26261586,0.436663234,0.1596292489931,0.251748252,0.296503497,0.234965035,0.2167832179932,0.425297892,0.116406966,0.316223648,0.1420714949933,0.233966746,0.195961995,0.385985748,0.1840855119934,0.37350506,0.289788408,0.194112236,0.1425942969935,0.327625571,0.270547945,0.224885845,0.1769406399936,0.359273671,0.207522698,0.232166018,0.2010376139937,0.256435644,0.440594059,0.14950495,0.1534653479938,0.28369906,0.313479624,0.136363636,0.266457689939,0.199606686,0.286135693,0.179941003,0.3343166189940,0.175990676,0.175990676,0.251748252,0.3962703969941,0.152019002,0.181710214,0.262470309,0.4038004759942,0.25877193,0.285087719,0.157894737,0.2982456149943,0.272955975,0.149685535,0.149685535,0.4276729569944,0.188492063,0.29265873,0.181547619,0.3373015879945,0.197684773,0.162956367,0.336598397,0.3027604639946,0.143859649,0.338947368,0.278596491,0.2385964919947,0.349708576,0.148209825,0.21898418,0.2830974199948,0.137033825,0.162185603,0.405897658,0.2948829149949,0.310970082,0.259292838,0.121486854,0.3082502279950,0.213570634,0.236929922,0.171301446,0.3781979989951,0.330062444,0.198929527,0.167707404,0.3033006249952,0.194993412,0.17259552,0.184453228,0.4479578399953,0.32760181,0.186425339,0.178280543,0.3076923089954,0.164893617,0.14893617,0.234042553,0.452127669955,0.157199472,0.227212682,0.166446499,0.4491413479956,0.244962884,0.185577943,0.208907741,0.3605514329957,0.434071222,0.170356112,0.179980751,0.2155919159958,0.259931896,0.254256527,0.231555051,0.2542565279959,0.429292929,0.178451178,0.203703704,0.1885521899960,0.233719893,0.368421053,0.198037467,0.1998215889961,0.204379562,0.365774534,0.248175182,0.1816707229962,0.312437811,0.275621891,0.189054726,0.2228855729963,0.195559351,0.347566183,0.26558497,0.1912894969964,0.300936768,0.229508197,0.207259953,0.2622950829965,0.412976313,0.168898043,0.187435633,0.230690019966,0.268973214,0.246651786,0.234375,0.259967,0.221611722,0.25,0.323260073,0.2051282059968,0.235109718,0.171368861,0.359456635,0.2340647869969,0.44284243,0.14315139,0.183316169,0.230690019970,0.389036251,0.209549072,0.203359859,0.1980548199971,0.231775701,0.347663551,0.211214953,0.2093457949972,0.28407225,0.388341544,0.143678161,0.1839080469973,0.176190476,0.3,0.257142857,0.2666666679974,0.237398374,0.336585366,0.243902439,0.1821138219975,0.241340782,0.196648045,0.311731844,0.250279339976,0.269320843,0.391881343,0.167837627,0.1709601879977,0.29844098,0.198218263,0.259465479,0.2438752789978,0.353620147,0.184679958,0.231899265,0.229800639979,0.300469484,0.317370892,0.176525822,0.2056338039980,0.237324703,0.243797195,0.282632147,0.2362459559981,0.336622807,0.195175439,0.228070175,0.2401315799982,0.345238095,0.248412698,0.232539683,0.1738095249983,0.198060942,0.263157895,0.235457064,0.30332419984,0.178082192,0.206335616,0.428082192,0.18759985,0.163461538,0.291666667,0.310897436,0.2339743599986,0.222623345,0.321299639,0.19253911,0.2635379069987,0.164761905,0.196190476,0.43047619,0.2085714299988,0.193579767,0.300583658,0.292801556,0.2130350199989,0.234279919,0.202839757,0.340770791,0.2221095339990,0.243208279,0.24450194,0.228978008,0.2833117729991,0.374895397,0.185774059,0.256066946,0.1832635989992,0.255091104,0.156484459,0.353697749,0.2347266889993,0.437913907,0.271523179,0.109271523,0.1812913919994,0.259259259,0.21031746,0.240740741,0.289682549995,0.31166348,0.23040153,0.313575526,0.1443594659996,0.176111595,0.353095031,0.339145597,0.1316477779997,0.219143577,0.305625525,0.348446683,0.1267842159998,0.269141531,0.345707657,0.209976798,0.1751740149999,0.191983122,0.458860759,0.189873418,0.159282710000,0.516129032,0.147762747,0.178980229,0.15712799210001,0.205607477,0.333333333,0.304257529,0.15680166110002,0.375,0.238839286,0.217633929,0.16852678610003,0.375874126,0.359265734,0.132867133,0.13199300710004,0.428134557,0.204892966,0.21304791,0.15392456710005,0.333045729,0.180327869,0.356341674,0.13028472810006,0.353974122,0.174676525,0.331792976,0.13955637710007,0.296693476,0.385165326,0.183199285,0.13494191210008,0.128666036,0.310312204,0.418164617,0.14285714310009,0.235697941,0.314263921,0.334858886,0.11517925210010,0.36921783,0.176619008,0.327165685,0.12699747710011,0.236570248,0.425619835,0.181818182,0.15599173610012,0.331300813,0.37601626,0.139227642,0.15345528510013,0.190248566,0.345124283,0.320267686,0.14435946510014,0.419354839,0.261998426,0.12981904,0.18882769510015,0.183561644,0.315753425,0.33630137,0.16438356210016,0.097135741,0.424657534,0.179327522,0.29887920310017,0.169655172,0.295172414,0.204137931,0.33103448310018,0.402912621,0.163106796,0.200970874,0.23300970910019,0.277777778,0.196666667,0.258888889,0.26666666710020,0.247048904,0.434232715,0.116357504,0.20236087710021,0.39453125,0.260742188,0.110351563,0.23437510022,0.194357367,0.260188088,0.294670846,0.25078369910023,0.175438596,0.41995614,0.141447368,0.26315789510024,0.125200642,0.467094703,0.215088283,0.19261637210025,0.206157965,0.305220884,0.167336011,0.32128514110026,0.273972603,0.206724782,0.220423412,0.29887920310027,0.391651865,0.269094139,0.126110124,0.21314387210028,0.117717004,0.428061831,0.168846611,0.28537455410029,0.167255595,0.383981154,0.166077739,0.28268551210030,0.139423077,0.336538462,0.293269231,0.23076923110031,0.188879082,0.476610768,0.122683142,0.21182700810032,0.230654762,0.258928571,0.331845238,0.17857142910033,0.338968724,0.111580727,0.32375317,0.2256973810034,0.162650602,0.236947791,0.332329317,0.26807228910035,0.201591512,0.286472149,0.157824934,0.35411140610036,0.356909684,0.173014146,0.179542982,0.29053318810037,0.256994819,0.320207254,0.14611399,0.27668393810038,0.160228898,0.254649499,0.203147353,0.38197424910039,0.118347895,0.481334392,0.188244639,0.21207307410040,0.214750542,0.228850325,0.26681128,0.28958785210041,0.203557312,0.371541502,0.161067194,0.26383399210042,0.220930233,0.07807309,0.47923588,0.22176079710043,0.309912171,0.189460477,0.165621079,0.33500627410044,0.276150628,0.240585774,0.203974895,0.27928870310045,0.331845238,0.319940476,0.149553571,0.19866071410046,0.105210421,0.236472946,0.390781563,0.2675350710047,0.163591636,0.13899139,0.36900369,0.32841328410048,0.220880069,0.338222606,0.210526316,0.23037100910049,0.506654836,0.180124224,0.076308784,0.23691215610050,0.106936416,0.303468208,0.203757225,0.3858381510051,0.123577236,0.374796748,0.284552846,0.21707317110052,0.279192274,0.345039508,0.130816506,0.24495171210053,0.152507677,0.199590583,0.362333675,0.28556806610054,0.169607843,0.145098039,0.411764706,0.27352941210055,0.281628163,0.222222222,0.189218922,0.30693069310056,0.170108161,0.237954769,0.317600787,0.27433628310057,0.184090909,0.2375,0.261363636,0.31704545510058,0.188090737,0.122873346,0.425330813,0.26370510410059,0.112328767,0.338812785,0.294063927,0.25479452110060,0.293853073,0.221889055,0.275112444,0.20914542710061,0.356868764,0.244819647,0.18419033,0.21412125910062,0.234348562,0.356175973,0.173434856,0.23604060910063,0.202247191,0.349336057,0.163432074,0.28498467810064,0.11023622,0.337866858,0.35218325,0.19971367210065,0.403574788,0.176857949,0.15710254,0.26246472210066,0.278947368,0.249473684,0.177894737,0.29368421110067,0.191687871,0.24173028,0.329940628,0.23664122110068,0.232773109,0.177310924,0.355462185,0.23445378210069,0.380321665,0.140964995,0.214758751,0.26395458810070,0.2617866,0.174937965,0.217121588,0.34615384610071,0.083107498,0.298102981,0.329719964,0.28906955710072,0.127722772,0.13960396,0.415841584,0.31683168310073,0.322053676,0.14235706,0.162193699,0.37339556610074,0.244055944,0.223076923,0.309090909,0.22377622410075,0.265625,0.135416667,0.182291667,0.41666666710076,0.19005102,0.260204082,0.141581633,0.40816326510077,0.198275862,0.185960591,0.221674877,0.3940886710078,0.264596273,0.144099379,0.19378882,0.39751552810079,0.173058014,0.185840708,0.326450344,0.31465093410080,0.167112299,0.172459893,0.232620321,0.42780748710081,0.309366131,0.132450331,0.255439924,0.30274361410082,0.180052957,0.227714034,0.309796999,0.28243601110083,0.429384966,0.102505695,0.103644647,0.36446469210084,0.120039683,0.454365079,0.108134921,0.31746031710085,0.216400911,0.206150342,0.212984055,0.36446469210086,0.220930233,0.255813953,0.151162791,0.37209302310087,0.347634763,0.196919692,0.103410341,0.35203520410088,0.154166667,0.190277778,0.211111111,0.44444444410089,0.385388128,0.121461187,0.200913242,0.29223744310090,0.331695332,0.199017199,0.113022113,0.35626535610091,0.174338883,0.175318315,0.224289912,0.42605288910092,0.113678373,0.293900185,0.19038817,0.40203327210093,0.115079365,0.175595238,0.277777778,0.43154761910094,0.259803922,0.12745098,0.257352941,0.35539215710095,0.175370226,0.166017147,0.319563523,0.33904910410096,0.132275132,0.252456538,0.286470144,0.32879818610097,0.159533074,0.140077821,0.13618677,0.56420233510098,0.097791798,0.220031546,0.339116719,0.34305993710099,0.131372549,0.155882353,0.28627451,0.42647058810100,0.265595463,0.134215501,0.189035917,0.41115311910101,0.322493225,0.246612466,0.136178862,0.29471544710102,0.152509653,0.115830116,0.311776062,0.4198841710103,0.257121439,0.072713643,0.344077961,0.32608695710104,0.1035313,0.191813804,0.355537721,0.34911717510105,0.102836879,0.180851064,0.330673759,0.38563829810106,0.098882201,0.101461737,0.425623388,0.37403267410107,0.132689988,0.209891435,0.132689988,0.52472858910108,0.140243902,0.150406504,0.267276423,0.44207317110109,0.218803419,0.133333333,0.323076923,0.32478632510110,0.10982659,0.445086705,0.131296449,0.31379025610111,0.126315789,0.135885167,0.374162679,0.36363636410112,0.129783694,0.43843594,0.115640599,0.31613976710113,0.196444444,0.301333333,0.164444444,0.33777777810114,0.415498763,0.123660346,0.147568013,0.31327287710115,0.235720762,0.281958296,0.137805984,0.34451495910116,0.134469697,0.137310606,0.368371212,0.35984848510117,0.133223684,0.212993421,0.341282895,0.312510118,0.228789323,0.257387989,0.151572927,0.36224976210119,0.207724426,0.184759916,0.21085595,0.39665970810120,0.139093783,0.130663857,0.329820864,0.40042149610121,0.28631139,0.140020899,0.176593521,0.3970741910122,0.425084175,0.128787879,0.126262626,0.3198653210123,0.077512777,0.300681431,0.298126065,0.32367972710124,0.325752018,0.28760088,0.10785033,0.27879677210125,0.172907489,0.190528634,0.218061674,0.41850220310126,0.143446852,0.352941176,0.111455108,0.39215686310127,0.198353293,0.115269461,0.401946108,0.28443113810128,0.103709949,0.173693086,0.273187184,0.44940978110129,0.148365465,0.248113998,0.156747695,0.44677284210130,0.212746017,0.149015933,0.138706654,0.49953139610131,0.240441176,0.208088235,0.159558824,0.39191176510132,0.133497133,0.110565111,0.319410319,0.43652743710133,0.354105572,0.122434018,0.132697947,0.39076246310134,0.174950298,0.122266402,0.172962227,0.52982107410135,0.188099808,0.177543186,0.122840691,0.51151631510136,0.232006774,0.16596105,0.150719729,0.45131244710137,0.091968118,0.293684856,0.287553648,0.32679337810138,0.151991614,0.126834382,0.162473795,0.5587002110139,0.341166937,0.109400324,0.117504052,0.43192868710140,0.331597222,0.099826389,0.105902778,0.46267361110141,0.220079787,0.123005319,0.302526596,0.35438829810142,0.147497805,0.122914838,0.261633011,0.46795434610143,0.097826087,0.234949833,0.221571906,0.44565217410144,0.174252276,0.139791938,0.339401821,0.34655396610145,0.274492498,0.126213592,0.12886143,0.4704324810146,0.234788833,0.305654975,0.078024338,0.38153185410147,0.272796353,0.1443769,0.202887538,0.3799392110148,0.239309827,0.117779445,0.267816954,0.37509377310149,0.12332838,0.313521545,0.191679049,0.37147102510150,0.308385308,0.234234234,0.110880111,0.34650034710151,0.278810409,0.234944238,0.114498141,0.37174721210152,0.245404412,0.178308824,0.116727941,0.45955882410153,0.303913405,0.166527893,0.113238968,0.41631973410154,0.1625,0.199038462,0.157692308,0.48076923110155,0.174863388,0.228825137,0.254781421,0.34153005510156,0.19173263,0.26121372,0.107299912,0.43975373810157,0.24676259,0.258992806,0.134532374,0.3597122310158,0.199401795,0.203389831,0.098703888,0.49850448710159,0.215079365,0.188888889,0.199206349,0.39682539710160,0.19372549,0.230588235,0.183529412,0.39215686310161,0.15497553,0.11908646,0.318107667,0.40783034310162,0.243781095,0.29424307,0.106609808,0.35536602710163,0.128638498,0.169014085,0.23286385,0.46948356810164,0.187760779,0.208623088,0.255910987,0.34770514610165,0.302916275,0.116650988,0.110065851,0.47036688610166,0.204665162,0.230248307,0.312264861,0.2528216710167,0.128813559,0.141242938,0.350282486,0.37966101710168,0.246507806,0.337715694,0.139687757,0.27608874310169,0.140771637,0.180396246,0.328467153,0.35036496410170,0.3477842,0.174373796,0.154142582,0.32369942210171,0.12,0.289090909,0.285454545,0.30545454510172,0.332254585,0.13592233,0.169363538,0.36245954710173,0.316487158,0.242750621,0.162386081,0.27837613910174,0.329484902,0.271758437,0.10035524,0.29840142110175,0.127768313,0.19165247,0.394378194,0.28620102210176,0.201166181,0.255587949,0.216715258,0.32653061210177,0.120071685,0.465053763,0.113799283,0.30107526910178,0.137096774,0.345878136,0.215949821,0.30107526910179,0.195979899,0.145728643,0.320603015,0.33768844210180,0.145927602,0.255656109,0.218325792,0.38009049810181,0.136327185,0.497193264,0.097032879,0.26944667210182,0.312567132,0.167561762,0.158968851,0.36090225610183,0.167351129,0.286447639,0.201232033,0.34496919910184,0.33632287,0.25470852,0.107623318,0.30134529110185,0.350049164,0.273352999,0.246804326,0.1297935110186,0.227309894,0.408013083,0.256745707,0.10793131610187,0.349173554,0.145661157,0.368801653,0.13636363610188,0.252548131,0.354473386,0.243488109,0.14949037410189,0.213552361,0.190965092,0.459958932,0.13552361410190,0.451481103,0.211440245,0.202247191,0.13483146110191,0.260869565,0.325529543,0.266443701,0.14715719110192,0.406796117,0.290291262,0.174757282,0.1281553410193,0.287047841,0.278879813,0.280046674,0.15402567110194,0.224260958,0.265035678,0.376146789,0.13455657510195,0.199809705,0.306374881,0.368220742,0.12559467210196,0.408121827,0.177664975,0.280203046,0.13401015210197,0.382729211,0.20575693,0.270788913,0.14072494710198,0.158106747,0.487411883,0.221550856,0.13293051410199,0.271832718,0.266912669,0.298892989,0.16236162410200,0.266666667,0.192857143,0.383333333,0.15714285710201,0.345572354,0.311015119,0.200863931,0.14254859610202,0.29281768,0.277348066,0.283977901,0.14585635410203,0.261061947,0.361356932,0.182890855,0.19469026510204,0.090843023,0.314680233,0.294331395,0.30014534910205,0.330097087,0.229773463,0.105987055,0.33414239510206,0.158482143,0.268973214,0.111607143,0.460937510207,0.290545204,0.155969634,0.268461008,0.28502415510208,0.15403423,0.166259169,0.174816626,0.50488997610209,0.130144605,0.213570634,0.196885428,0.45939933310210,0.158099688,0.403426791,0.11682243,0.3216510910211,0.089477452,0.224051539,0.390837509,0.295633510212,0.092173913,0.102608696,0.446086957,0.35913043510213,0.288888889,0.190909091,0.103030303,0.41717171710214,0.18956044,0.125457875,0.306776557,0.37820512810215,0.265615142,0.189905363,0.283911672,0.26056782310216,0.281045752,0.093681917,0.325344953,0.29992737810217,0.105006954,0.291376912,0.316411683,0.28720445110218,0.167892157,0.176470588,0.149509804,0.50612745110219,0.173870334,0.18762279,0.23280943,0.40569744610220,0.125364431,0.235179786,0.238095238,0.40136054410221,0.201123596,0.128089888,0.206741573,0.46404494410222,0.242774566,0.130057803,0.328757225,0.29841040510223,0.286973555,0.463271303,0.184133203,0.06562193910224,0.25505618,0.23258427,0.437078652,0.07528089910225,0.259559676,0.325608343,0.337195829,0.07763615310226,0.395675676,0.308108108,0.223783784,0.07243243210227,0.271375465,0.351920694,0.293680297,0.08302354410228,0.269180754,0.284785436,0.358907672,0.08712613810229,0.404802744,0.221269297,0.316466552,0.05746140710230,0.319672131,0.215846995,0.37295082,0.09153005510231,0.298490128,0.226480836,0.397212544,0.07781649210232,0.352459016,0.200819672,0.355191257,0.09153005510233,0.207081545,0.387339056,0.333690987,0.07188841210234,0.361566485,0.415300546,0.162112933,0.06102003610235,0.49882904,0.221311475,0.201405152,0.07845433310236,0.283536585,0.333841463,0.280487805,0.10213414610237,0.222826087,0.491304348,0.213043478,0.07282608710238,0.365284974,0.292746114,0.255181347,0.08678756510239,0.396731055,0.172362556,0.381129272,0.04977711710240,0.180567498,0.451418745,0.310404127,0.0576096310241,0.28729963,0.163995068,0.466091245,0.08261405710242,0.255189255,0.157509158,0.208791209,0.37851037910243,0.094382022,0.307865169,0.365543071,0.23220973810244,0.225388601,0.17357513,0.199481865,0.40155440410245,0.207913669,0.345323741,0.223741007,0.22302158310246,0.096397274,0.341772152,0.259980526,0.30185004910247,0.251798561,0.143884892,0.285714286,0.31860226110248,0.169595111,0.218487395,0.375095493,0.23682200210249,0.424511545,0.152753108,0.147424512,0.27531083510250,0.348690154,0.21770551,0.153568202,0.28003613410251,0.427406199,0.200652529,0.11908646,0.25285481210252,0.243458476,0.202502844,0.201365188,0.35267349310253,0.245300752,0.321428571,0.141917293,0.29135338310254,0.263157895,0.167561762,0.236305048,0.33297529510255,0.178403756,0.330985915,0.126760563,0.36384976510256,0.190140845,0.227699531,0.218309859,0.36384976510257,0.169398907,0.415300546,0.132969035,0.28233151210258,0.211685824,0.138888889,0.352490421,0.29693486610259,0.25187567,0.176848875,0.239013934,0.3322