No,Ch1,Ch2,Ch3,Ch4
9501,0.149769331,0.066622072,0.12489897,0.658709626
9502,0.382521528,0.030384438,0.009414305,0.577679729
9503,0.028453611,0.229845812,0.146481982,0.595218595
9504,0.317321646,0.135097125,0.087860032,0.459721196
9505,0.052163258,0.266732227,0.048835597,0.632268918
9506,0.23605828,0.192016401,0.020065811,0.551859507
9507,0.368458951,0.056180996,0.044649939,0.530710114
9508,0.033429515,0.136002881,0.019267361,0.811300243
9509,0.245698314,0.272174697,0.018590851,0.463536139
9510,0.135078034,0.096889233,0.019930141,0.748102592
9511,0.269196061,0.043589071,0.076615963,0.610598904
9512,0.058023765,0.159954865,0.068997788,0.713023582
9513,0.146203113,0.080297521,0.074228241,0.699271125
9514,0.036366239,0.125868323,0.048069288,0.78969615
9515,0.131875775,0.214485049,0.011857505,0.641781671
9516,0.043182692,0.212631323,0.018871634,0.725314351
9517,0.130534521,0.0998939,0.0232708,0.746300779
9518,0.098695593,0.024680682,0.142071098,0.734552626
9519,0.044162523,0.187121259,0.117423645,0.651292573
9520,0.081607639,0.28766293,0.294394786,0.336334645
9521,0.420658631,0.153979421,0.072697803,0.352664145
9522,0.392729103,0.300199268,0.035053148,0.272018481
9523,0.091772125,0.56956892,0.037919514,0.300739441
9524,0.218787255,0.263940993,0.129746544,0.387525207
9525,0.143106926,0.346163932,0.332656083,0.17807306
9526,0.127310013,0.149924296,0.13125336,0.591512331
9527,0.092957968,0.401708144,0.343256875,0.162077013
9528,0.097527715,0.373039284,0.129392617,0.400040385
9529,0.197291689,0.264845388,0.349660534,0.188202389
9530,0.172699685,0.108095796,0.142058341,0.577146177
9531,0.206006929,0.235534336,0.178886515,0.379572221
9532,0.192542115,0.069221453,0.322711781,0.415524651
9533,0.397990003,0.255139003,0.078686699,0.268184295
9534,0.590280239,0.052599914,0.038132713,0.318987133
9535,0.23027876,0.324162982,0.050691195,0.394867062
9536,0.667671119,0.080721782,0.055645736,0.195961363
9537,0.111275213,0.314641876,0.280202068,0.293880844
9538,0.307800755,0.109830642,0.110408338,0.471960266
9539,0.077068819,0.18985341,0.298126166,0.434951606
9540,0.092017724,0.05738181,0.382120369,0.468480098
9541,0.344876332,0.302657017,0.070384755,0.282081896
9542,0.292849622,0.123179601,0.024263792,0.559706985
9543,0.034086549,0.060432752,0.488473486,0.417007214
9544,0.163814982,0.077289749,0.344555072,0.414340197
9545,0.269619587,0.091181456,0.105474664,0.533724293
9546,0.133533382,0.282014743,0.215612146,0.368839729
9547,0.090975964,0.22502446,0.153922218,0.530077359
9548,0.095205438,0.243803932,0.039229727,0.621760902
9549,0.094801323,0.404380953,0.204714973,0.29610275
9550,0.079806558,0.066433671,0.099457999,0.754301772
9551,0.229124634,0.073115052,0.187938105,0.50982221
9552,0.108501593,0.056032753,0.133953695,0.701511959
9553,0.267601993,0.180537516,0.027700959,0.524159532
9554,0.252064764,0.065310518,0.034865132,0.647759586
9555,0.165474733,0.320740224,0.108439662,0.405345381
9556,0.11425536,0.071455561,0.083514296,0.730774784
9557,0.329998882,0.099513538,0.043940216,0.526547364
9558,0.176499966,0.401933348,0.290008797,0.13155789
9559,0.331070663,0.230254104,0.290579542,0.148095691
9560,0.565227035,0.028077811,0.330478251,0.076216904
9561,0.150448953,0.435577778,0.111780126,0.302193142
9562,0.168741329,0.641163835,0.087588703,0.102506134
9563,0.217549253,0.116447843,0.395807897,0.270195008
9564,0.067690306,0.058777809,0.779102308,0.094429576
9565,0.385831898,0.203211173,0.347581489,0.06337544
9566,0.240552814,0.448831829,0.259761292,0.050854064
9567,0.277927727,0.266070175,0.361359878,0.09464222
9568,0.3100476,0.24191466,0.393479755,0.054557985
9569,0.148972446,0.229784414,0.164536532,0.456706609
9570,0.206174974,0.668933719,0.019759974,0.105131333
9571,0.078618203,0.266633905,0.522696,0.132051892
9572,0.070759287,0.173598905,0.649977042,0.105664766
9573,0.356390174,0.071487688,0.438374893,0.133747245
9574,0.033087882,0.615350138,0.224249864,0.127312116
9575,0.146023543,0.434722264,0.120189837,0.299064355
9576,0.086438679,0.575510401,0.187676858,0.150374062
9577,0.071223767,0.329342153,0.272480324,0.326953756
9578,0.104260527,0.396772767,0.184764356,0.31420235
9579,0.028280202,0.537296385,0.251291378,0.183132034
9580,0.058696975,0.07916138,0.383432175,0.47870947
9581,0.171399745,0.052603534,0.592000411,0.18399631
9582,0.60598719,0.049753381,0.033184195,0.311075235
9583,0.133775174,0.102765803,0.082736329,0.680722694
9584,0.093525621,0.437767206,0.251576763,0.21713041
9585,0.569902818,0.030570692,0.040357335,0.359169155
9586,0.156471673,0.163596783,0.098662396,0.581269148
9587,0.117254906,0.042848114,0.563316099,0.276580881
9588,0.511294776,0.066895125,0.102108783,0.319701315
9589,0.503260936,0.152527444,0.065078174,0.279133447
9590,0.392363593,0.093459132,0.33934422,0.174833055
9591,0.140380312,0.303524181,0.076616915,0.479478592
9592,0.186948237,0.077518726,0.449986816,0.285546221
9593,0.221874993,0.463707755,0.120887236,0.193530016
9594,0.046627287,0.383517915,0.330589831,0.239264967
9595,0.239524128,0.170564304,0.396341667,0.193569901
9596,0.171798747,0.216189293,0.427053346,0.184958614
9597,0.389732444,0.415985955,0.04939785,0.144883751
9598,0.429576757,0.398611653,0.113757153,0.058054437
9599,0.197999485,0.331157649,0.125587673,0.345255193
9600,0.353629918,0.42367165,0.10078273,0.121915703
9601,0.466213418,0.129459322,0.202280887,0.202046374
9602,0.320456004,0.235218126,0.297060351,0.147265519
9603,0.138863759,0.382457543,0.05912302,0.419555678
9604,0.198315722,0.305669124,0.13188624,0.364128915
9605,0.111669121,0.713057626,0.039939379,0.135333874
9606,0.384166526,0.349613855,0.099304797,0.166914822
9607,0.265715869,0.469083739,0.114445891,0.1507545
9608,0.059679882,0.661858512,0.089881644,0.188579962
9609,0.474008578,0.119169806,0.155449965,0.25137165
9610,0.625032067,0.142496308,0.093379383,0.139092242
9611,0.263493099,0.149643903,0.385397694,0.201465303
9612,0.635180984,0.092023523,0.033835926,0.238959566
9613,0.364985001,0.107811617,0.408164491,0.119038891
9614,0.46867583,0.063961533,0.133410109,0.333952528
9615,0.052488321,0.673167275,0.033286358,0.241058045
9616,0.511731581,0.041875083,0.206517143,0.239876193
9617,0.236517629,0.168743507,0.154274294,0.44046457
9618,0.114641181,0.30016539,0.362144951,0.223048478
9619,0.115174777,0.117612488,0.11764301,0.649569725
9620,0.163503556,0.296238219,0.065111147,0.475147078
9621,0.486126296,0.152750128,0.095211519,0.265912057
9622,0.193625598,0.134816687,0.127862826,0.543694889
9623,0.023667975,0.518708752,0.224195866,0.233427408
9624,0.402639638,0.037920013,0.207564951,0.351875398
9625,0.262334429,0.284222446,0.057399794,0.396043331
9626,0.438387085,0.226290011,0.110762726,0.224560179
9627,0.124566816,0.560872875,0.091090389,0.22346992
9628,0.431104967,0.052965425,0.132956834,0.382972774
9629,0.344751822,0.088240203,0.263931963,0.303076012
9630,0.195330895,0.424946604,0.217979216,0.161743284
9631,0.119234224,0.438283695,0.129952545,0.312529535
9632,0.071917056,0.095944066,0.544798313,0.287340565
9633,0.238735856,0.216800785,0.278918003,0.265545356
9634,0.16078848,0.449906872,0.118037497,0.27126715
9635,0.156278436,0.10770019,0.295706355,0.440315019
9636,0.102819462,0.567186692,0.074825605,0.25516824
9637,0.055306544,0.217728696,0.409624273,0.317340487
9638,0.326300792,0.194870403,0.260526574,0.21830223
9639,0.531587163,0.087551325,0.232438694,0.148422818
9640,0.379639611,0.269643688,0.256265771,0.09445093
9641,0.189711587,0.056159612,0.499484591,0.25464421
9642,0.238893783,0.428881344,0.053910054,0.278314819
9643,0.091094519,0.189916071,0.174610077,0.544379334
9644,0.306723219,0.144813436,0.125084011,0.423379334
9645,0.254540772,0.1310704,0.231061799,0.383327029
9646,0.431732885,0.113105337,0.088012884,0.367148894
9647,0.156502507,0.106438322,0.547717772,0.189341399
9648,0.31095301,0.087538468,0.259257916,0.342250606
9649,0.047254776,0.596720648,0.114685295,0.24133928
9650,0.165122281,0.069141335,0.503367862,0.262368522
9651,0.158225462,0.053746445,0.453561195,0.334466898
9652,0.313795233,0.107537591,0.137127178,0.441539998
9653,0.391045011,0.12215973,0.203882286,0.282912972
9654,0.095053753,0.113032573,0.310143368,0.481770306
9655,0.185595456,0.062169998,0.302694767,0.449539778
9656,0.223428852,0.106492879,0.352584559,0.31749371
9657,0.08872795,0.050603929,0.309028423,0.551639698
9658,0.112792907,0.31749781,0.34688805,0.222821232
9659,0.028216621,0.629854989,0.084330211,0.25759818
9660,0.132006915,0.208208091,0.095741396,0.564043598
9661,0.055916652,0.04223878,0.495034786,0.406809781
9662,0.190588624,0.469029447,0.066143973,0.274237956
9663,0.214001628,0.455446384,0.065137137,0.265414851
9664,0.053740947,0.170340078,0.559179051,0.216739924
9665,0.072435794,0.256158861,0.443744394,0.227660951
9666,0.066162392,0.355224502,0.18238636,0.396226746
9667,0.140908038,0.148385417,0.150229208,0.560477337
9668,0.058112968,0.224889996,0.388792122,0.328204914
9669,0.31086406,0.392536165,0.048208946,0.24839083
9670,0.061245943,0.360759525,0.239181772,0.338812761
9671,0.431879545,0.094767212,0.273962677,0.199390565
9672,0.292514489,0.333811394,0.205080144,0.168593972
9673,0.235452751,0.087163464,0.549003458,0.128380328
9674,0.120827852,0.211510238,0.406049836,0.261612074
9675,0.35688784,0.060863269,0.29537855,0.286870341
9676,0.110892173,0.441205428,0.195080942,0.252821458
9677,0.180605885,0.196459943,0.50718747,0.115746702
9678,0.105892328,0.313286862,0.373705528,0.207115282
9679,0.062824469,0.06521979,0.609213928,0.262741813
9680,0.149296312,0.446924091,0.161373334,0.242406264
9681,0.379478133,0.357698542,0.184807403,0.078015922
9682,0.296450093,0.214695392,0.314957389,0.173897126
9683,0.179942777,0.571112127,0.069360118,0.179584979
9684,0.502596361,0.260891381,0.123904804,0.112607454
9685,0.206906438,0.452234291,0.081420635,0.259438636
9686,0.064791315,0.391858558,0.439168261,0.104181865
9687,0.199851505,0.460416527,0.114285249,0.225446719
9688,0.241694067,0.29734658,0.158376681,0.302582672
9689,0.217707577,0.518854741,0.170952194,0.092485489
9690,0.361117863,0.129279479,0.387730794,0.121871864
9691,0.169814279,0.467720339,0.069964985,0.292500398
9692,0.109814675,0.115512844,0.160953189,0.613719292
9693,0.309629031,0.072726359,0.470432383,0.147212227
9694,0.051856125,0.236256968,0.180409759,0.531477148
9695,0.223342655,0.137274672,0.473571775,0.165810898
9696,0.174875921,0.156117086,0.128762365,0.540244628
9697,0.251303366,0.320609042,0.132174965,0.295912627
9698,0.118121082,0.143125645,0.490769168,0.247984106
9699,0.299375028,0.105320505,0.14619736,0.449107107
9700,0.048543986,0.550340759,0.128372333,0.272742923
9701,0.612127656,0.105517028,0.052918217,0.2294371
9702,0.043345712,0.268816167,0.170567187,0.517270934
9703,0.422461469,0.046300243,0.198434237,0.332804051
9704,0.283433182,0.131970809,0.098828754,0.485767255
9705,0.120707454,0.181781424,0.476124402,0.22138672
9706,0.082638135,0.446997146,0.147066289,0.32329843
9707,0.582769693,0.117312149,0.075743255,0.224174903
9708,0.083977201,0.096991043,0.182080776,0.63695098
9709,0.330549029,0.367600403,0.08173117,0.220119398
9710,0.394570651,0.277964704,0.160330862,0.167133783
9711,0.591228942,0.139909019,0.16704178,0.10182026
9712,0.372978217,0.34217958,0.207230149,0.077612053
9713,0.136871548,0.587309551,0.211151645,0.064667257
9714,0.130346267,0.124209098,0.607760347,0.137684289
9715,0.076024482,0.492880431,0.306746365,0.124348723
9716,0.194124328,0.101756351,0.664612182,0.039507139
9717,0.317762913,0.188142073,0.406659496,0.087435518
9718,0.025431425,0.380961598,0.53840243,0.055204547
9719,0.144505672,0.337843095,0.421189354,0.096461879
9720,0.329851724,0.089252874,0.484389621,0.096505781
9721,0.495316195,0.134792977,0.274922711,0.094968117
9722,0.380124331,0.233015961,0.305470993,0.081388715
9723,0.141037009,0.651996987,0.064429266,0.142536739
9724,0.117531681,0.109050526,0.70452644,0.068891352
9725,0.335982808,0.07213493,0.500845438,0.091036824
9726,0.361250345,0.223036699,0.170837319,0.244875637
9727,0.054468614,0.389479688,0.459410999,0.096640698
9728,0.140148663,0.597456919,0.209757677,0.052636741
9729,0.084273169,0.071056562,0.658906105,0.185764164
9730,0.250562642,0.103395734,0.202474425,0.443567199
9731,0.048752778,0.197806879,0.536156149,0.217284194
9732,0.2013695,0.314782363,0.13947362,0.344374518
9733,0.261642516,0.245384091,0.12364337,0.369330023
9734,0.208070561,0.171794353,0.189855697,0.430279389
9735,0.35336309,0.347973831,0.067590307,0.231072773
9736,0.061908298,0.391968659,0.271091897,0.275031146
9737,0.053044802,0.19232051,0.560474758,0.19415993
9738,0.104111757,0.076465849,0.527303884,0.292118511
9739,0.090968893,0.101872022,0.545891256,0.261267829
9740,0.288943096,0.043122567,0.497561359,0.170372978
9741,0.146027899,0.469651621,0.123493459,0.260827021
9742,0.056785509,0.53080741,0.142034191,0.270372891
9743,0.030787668,0.358621558,0.525578764,0.085012011
9744,0.206559035,0.393914667,0.284837378,0.11468892
9745,0.234351295,0.137831061,0.477389061,0.150428583
9746,0.08712835,0.234357251,0.507705812,0.170808587
9747,0.350831527,0.092959873,0.241283711,0.31492489
9748,0.26595505,0.135004644,0.16077987,0.438260436
9749,0.249291672,0.371050803,0.123089117,0.256568408
9750,0.290448007,0.414751524,0.114780439,0.180020029
9751,0.136952776,0.225404994,0.272144748,0.365497482
9752,0.264384851,0.061908013,0.479186043,0.194521093
9753,0.158244842,0.136961592,0.239723372,0.465070194
9754,0.144571481,0.386321336,0.227548228,0.241558955
9755,0.200292426,0.314358786,0.338232613,0.147116176
9756,0.277640833,0.375970738,0.215874247,0.130514182
9757,0.342600022,0.058287261,0.451284862,0.147827855
9758,0.544635109,0.056512007,0.131910041,0.266942843
9759,0.076885621,0.297713035,0.188318545,0.437082799
9760,0.031983438,0.473923783,0.301699044,0.192393735
9761,0.249160855,0.125969815,0.221973229,0.402896101
9762,0.222542137,0.093479119,0.168100205,0.515878539
9763,0.094299459,0.063326116,0.656693066,0.18568136
9764,0.343864071,0.181652926,0.072986782,0.40149622
9765,0.216944418,0.418382791,0.064332664,0.300340128
9766,0.230657406,0.222894507,0.162291136,0.38415695
9767,0.117552702,0.267079585,0.183198845,0.432168868
9768,0.437515729,0.112903461,0.04133743,0.40824338
9769,0.254506773,0.371688796,0.054074417,0.319730015
9770,0.32128889,0.431394313,0.024678666,0.222638132
9771,0.231120609,0.411109234,0.030963345,0.326806812
9772,0.0852344,0.522881548,0.027316147,0.364567905
9773,0.068506843,0.060249949,0.39362163,0.477621578
9774,0.170788037,0.52946893,0.043762346,0.255980686
9775,0.195089277,0.237983604,0.347419571,0.219507548
9776,0.084287896,0.333320515,0.095470413,0.486921176
9777,0.08280086,0.552824966,0.101171784,0.26320239
9778,0.354480079,0.088692708,0.11117631,0.445650903
9779,0.439289112,0.211316478,0.083898237,0.265496173
9780,0.049316458,0.625822242,0.033024767,0.291836533
9781,0.075714027,0.092386835,0.36297139,0.468927748
9782,0.068283796,0.059322565,0.467609732,0.404783907
9783,0.19847694,0.091574578,0.427632703,0.28231578
9784,0.029331992,0.478849566,0.170614267,0.321204175
9785,0.12668127,0.465212793,0.036437018,0.37166892
9786,0.346877951,0.137909005,0.151730194,0.363482851
9787,0.175126166,0.062191172,0.209637802,0.553044859
9788,0.057202313,0.261149086,0.315325071,0.366323529
9789,0.166673234,0.351161035,0.107263378,0.374902354
9790,0.351736669,0.229660063,0.190023848,0.22857942
9791,0.036519776,0.226791616,0.481578384,0.255110224
9792,0.133763464,0.210627301,0.138537526,0.517071709
9793,0.392002553,0.099812192,0.18590552,0.322279735
9794,0.037122117,0.154443839,0.278513575,0.529920468
9795,0.436713931,0.173605368,0.18715673,0.202523971
9796,0.127250165,0.131312359,0.466471819,0.274965657
9797,0.071884585,0.318135099,0.304050151,0.305930165
9798,0.151605339,0.45906271,0.189892658,0.199439294
9799,0.118178448,0.481751673,0.080406927,0.319662952
9800,0.269066043,0.082244276,0.071304777,0.577384904
9801,0.105411658,0.096621327,0.418889251,0.379077764
9802,0.36719658,0.272897604,0.198836362,0.161069454
9803,0.077001837,0.056447288,0.408914602,0.457636273
9804,0.227232052,0.04454448,0.452795808,0.27542766
9805,0.294303681,0.258949861,0.206636387,0.24011007
9806,0.271310592,0.058166839,0.057569574,0.612952994
9807,0.091215375,0.26717038,0.202347265,0.43926698
9808,0.079559007,0.328394482,0.233512146,0.358534364
9809,0.094077824,0.080871553,0.48961477,0.335435852
9810,0.27166663,0.168950933,0.095323406,0.464059032
9811,0.188488152,0.353950985,0.057807711,0.399753152
9812,0.224844775,0.302340444,0.051956561,0.42085822
9813,0.396366214,0.09513665,0.202540769,0.305956367
9814,0.258883783,0.429125343,0.04080036,0.271190514
9815,0.140055518,0.06080695,0.246555317,0.552582215
9816,0.194420368,0.302819898,0.024580654,0.47817908
9817,0.081398469,0.097454467,0.157043572,0.664103492
9818,0.026569924,0.278317931,0.277249595,0.41786255
9819,0.034180971,0.280065069,0.226233388,0.459520571
9820,0.12960456,0.058869468,0.221682963,0.589843008
9821,0.453062147,0.044104763,0.111936372,0.390896717
9822,0.147437562,0.090657608,0.053073796,0.708831034
9823,0.043488695,0.356755749,0.120436051,0.479319505
9824,0.101298466,0.336299565,0.292079549,0.27032242
9825,0.065522886,0.092898853,0.373300001,0.468278261
9826,0.580682906,0.1039522,0.06550844,0.249856455
9827,0.419824682,0.344491403,0.049113929,0.186569986
9828,0.058316147,0.517065884,0.271701796,0.152916173
9829,0.39780989,0.062228275,0.424059069,0.115902765
9830,0.176994962,0.238373928,0.369926284,0.214704827
9831,0.39533641,0.063245418,0.30560056,0.235817611
9832,0.052573658,0.581466628,0.101296256,0.264663458
9833,0.040872681,0.740504318,0.041542692,0.177080309
9834,0.073409881,0.071675447,0.637339058,0.217575614
9835,0.301937987,0.058714716,0.120309185,0.519038111
9836,0.116094894,0.492557921,0.131046048,0.260301138
9837,0.189518442,0.322134285,0.154948852,0.33339842
9838,0.266686559,0.196839118,0.224419957,0.312054365
9839,0.277642028,0.112052777,0.237182891,0.373122304
9840,0.181085166,0.074236641,0.451019317,0.293658876
9841,0.107529613,0.18718406,0.531241948,0.174044378
9842,0.157221923,0.383232942,0.183401599,0.276143537
9843,0.490622003,0.081482209,0.143522135,0.284373653
9844,0.420284041,0.292198582,0.112482492,0.175034885
9845,0.102772679,0.570634587,0.18343278,0.143159953
9846,0.058087829,0.164630302,0.49062743,0.28665444
9847,0.072766764,0.386182526,0.361254594,0.179796117
9848,0.057136385,0.380121849,0.222054557,0.340687209
9849,0.584243724,0.061938172,0.199908219,0.153909885
9850,0.500311147,0.159271966,0.085710013,0.254706873
9851,0.224558363,0.288250299,0.121667599,0.365523739
9852,0.051748064,0.566503105,0.121480901,0.260267931
9853,0.189080756,0.105004788,0.217211148,0.488703308
9854,0.207259266,0.182842612,0.474666311,0.135231811
9855,0.1037673,0.692298356,0.060774588,0.143159756
9856,0.436123643,0.123829369,0.046458925,0.393588063
9857,0.527786696,0.108814411,0.144255029,0.219143864
9858,0.14316669,0.041054479,0.652222814,0.163556016
9859,0.131900078,0.062144774,0.426448374,0.379506774
9860,0.062860104,0.121483316,0.617597476,0.198059104
9861,0.292836062,0.408305818,0.11792023,0.180937889
9862,0.473497114,0.265164583,0.070502201,0.190836102
9863,0.304975083,0.076836871,0.136288396,0.48189965
9864,0.105568041,0.102798243,0.495896918,0.295736798
9865,0.48907432,0.185155765,0.073369254,0.252400662
9866,0.172622605,0.090103588,0.368902815,0.368370992
9867,0.251398372,0.132138534,0.133556678,0.482906416
9868,0.236422268,0.063955853,0.189070939,0.51055094
9869,0.546134232,0.02439801,0.307487203,0.121980554
9870,0.130534635,0.318992126,0.100468566,0.450004673
9871,0.163092747,0.233818892,0.070133703,0.532954659
9872,0.145939,0.332761824,0.330496605,0.19080257
9873,0.401997381,0.09337071,0.250177626,0.254454282
9874,0.494384684,0.050378018,0.328882635,0.126354662
9875,0.153133776,0.100067241,0.306474652,0.440324331
9876,0.460946861,0.054601047,0.28539098,0.199061112
9877,0.066212545,0.049715404,0.572859481,0.311212571
9878,0.153293993,0.094062827,0.313284882,0.439358299
9879,0.124176672,0.088241692,0.484451336,0.3031303
9880,0.405541522,0.041859819,0.109082604,0.443516055
9881,0.444496735,0.032504173,0.450605455,0.072393636
9882,0.173389953,0.644117518,0.087521941,0.094970588
9883,0.23224501,0.105964285,0.439540467,0.222250237
9884,0.327447468,0.50081398,0.027404617,0.144333936
9885,0.062643314,0.116041147,0.709956509,0.111359029
9886,0.288971169,0.344568084,0.179649868,0.186810878
9887,0.173559664,0.287778957,0.398212157,0.140449222
9888,0.413474426,0.359359442,0.05109689,0.176069242
9889,0.347455713,0.414704616,0.136578688,0.101260983
9890,0.566233003,0.084574527,0.153454482,0.195737988
9891,0.282704176,0.323667499,0.326730603,0.066897722
9892,0.357559027,0.042974043,0.522058384,0.077408546
9893,0.083488163,0.163523377,0.565969358,0.187019102
9894,0.443998894,0.09780842,0.322950661,0.135242025
9895,0.153898822,0.190402733,0.341985422,0.313713023
9896,0.167849343,0.406326453,0.14926646,0.276557744
9897,0.589598392,0.270506747,0.072287751,0.06760711
9898,0.442695665,0.073996214,0.336998538,0.146309583
9899,0.474725756,0.186734196,0.093339058,0.24520099
9900,0.715167606,0.140549129,0.095855089,0.048428175
9901,0.290279793,0.150024312,0.451981187,0.107714708
9902,0.333176388,0.374620193,0.26071876,0.031484659
9903,0.463815815,0.211303491,0.280748042,0.044132652
9904,0.071600057,0.041773869,0.821239648,0.065386426
9905,0.729142829,0.096589756,0.09928433,0.074983085
9906,0.1096303,0.068693229,0.746830249,0.074846222
9907,0.641098628,0.084606179,0.171546955,0.102748238
9908,0.15040245,0.270330239,0.491543759,0.087723552
9909,0.189959696,0.679101451,0.081582504,0.049356349
9910,0.726786867,0.134235299,0.064248041,0.074729793
9911,0.269560705,0.316568795,0.394264773,0.019605728
9912,0.616994293,0.036779504,0.2940864,0.052139803
9913,0.583075409,0.33495951,0.044023936,0.037941146
9914,0.563759041,0.116258292,0.229266948,0.09071572
9915,0.244503773,0.057929655,0.664784791,0.032781781
9916,0.455500819,0.045431523,0.457435759,0.041631899
9917,0.086783406,0.553555253,0.296068752,0.06359259
9918,0.548231701,0.223955784,0.094255223,0.133557292
9919,0.226937882,0.317067297,0.370119829,0.085874993
9920,0.223412881,0.23856261,0.063396545,0.474627964
9921,0.178368409,0.209698538,0.102288076,0.509644978
9922,0.164802251,0.407771037,0.064823959,0.362602752
9923,0.172914548,0.517340448,0.060841596,0.248903408
9924,0.044240618,0.112452427,0.594625848,0.248681107
9925,0.108636846,0.305251912,0.449530783,0.136580459
9926,0.503106963,0.241568252,0.09595982,0.159364965
9927,0.659137049,0.08237802,0.068127789,0.190357142
9928,0.128803821,0.16890726,0.083017006,0.619271914
9929,0.229661974,0.459403222,0.058801252,0.252133552
9930,0.090553255,0.247118056,0.378387774,0.283940915
9931,0.167880062,0.381102077,0.114567877,0.336449984
9932,0.555727831,0.058762673,0.249474103,0.136035393
9933,0.182031047,0.179781375,0.309308501,0.328879077
9934,0.422012696,0.240479989,0.107527015,0.229980301
9935,0.323925954,0.339317976,0.075237502,0.261518568
9936,0.357026978,0.076053966,0.169398887,0.397520169
9937,0.183666393,0.638593316,0.048782176,0.128958115
9938,0.298506764,0.423414833,0.108690423,0.16938798
9939,0.225702733,0.362265362,0.128405981,0.283625925
9940,0.182193972,0.092313788,0.133233321,0.592258919
9941,0.080028634,0.267703163,0.20075125,0.451516953
9942,0.296345324,0.378467473,0.059826285,0.265360918
9943,0.383314059,0.089110312,0.056860371,0.470715258
9944,0.101821799,0.447804438,0.192042609,0.258331154
9945,0.311597185,0.065440268,0.361229793,0.261732754
9946,0.128139135,0.426598816,0.302204163,0.143057887
9947,0.398590299,0.114048185,0.232500995,0.254860522
9948,0.103885019,0.150344612,0.468460719,0.277309649
9949,0.394266634,0.260593402,0.069552471,0.275587493
9950,0.214780046,0.303084252,0.105322786,0.376812916
9951,0.579026496,0.146375493,0.051932729,0.222665282
9952,0.21313774,0.14273703,0.105761555,0.538363675
9953,0.503460422,0.083380002,0.162395355,0.25076422
9954,0.117662131,0.087545555,0.259373316,0.535418998
9955,0.079274336,0.228937335,0.119749062,0.572039267
9956,0.300178977,0.137034971,0.226552592,0.33623346
9957,0.665061139,0.054932007,0.103610621,0.176396233
9958,0.41503345,0.201738493,0.159299201,0.223928856
9959,0.603841127,0.115681361,0.195210605,0.085266908
9960,0.16766372,0.568333055,0.151025707,0.112977518
9961,0.13409004,0.508747491,0.275492455,0.081670014
9962,0.388502618,0.290199548,0.140101893,0.181195941
9963,0.106108166,0.444283975,0.303496159,0.1461117
9964,0.259293541,0.158090815,0.241037068,0.341578576
9965,0.722722089,0.08438653,0.068032926,0.124858454
9966,0.218012741,0.271523023,0.192326115,0.318138121
9967,0.193142629,0.206496546,0.434889343,0.165471482
9968,0.180476338,0.047934022,0.619915839,0.151673801
9969,0.680625912,0.067858996,0.085148032,0.16636706
9970,0.539720095,0.146305459,0.198182904,0.115791542
9971,0.144403412,0.546140123,0.179676621,0.129779844
9972,0.211189823,0.622406315,0.090162022,0.07624184
9973,0.144355353,0.421542996,0.162862332,0.271239319
9974,0.148687892,0.51279624,0.233249048,0.10526682
9975,0.200970486,0.142347482,0.486395518,0.170286515
9976,0.444233241,0.312208594,0.122228552,0.121329614
9977,0.235434079,0.116527765,0.422930723,0.225107433
9978,0.493962448,0.110004608,0.218150544,0.1778824
9979,0.337883937,0.34972166,0.128990523,0.18340388
9980,0.259316805,0.161848217,0.249357145,0.329477833
9981,0.3466867,0.173575158,0.213940231,0.265797911
9982,0.438055877,0.193085629,0.248205885,0.120652609
9983,0.113749013,0.140835607,0.301195634,0.444219746
9984,0.112867895,0.186990795,0.577493125,0.122648185
9985,0.053886765,0.405004753,0.339812779,0.201295704
9986,0.152682045,0.376192493,0.176548571,0.29457689
9987,0.043460211,0.113156017,0.674916914,0.168466859
9988,0.053467129,0.288785015,0.480293782,0.177454074
9989,0.194289031,0.175723108,0.457755554,0.172232307
9990,0.188233607,0.253436107,0.175954772,0.382375514
9991,0.496047034,0.09327088,0.257668763,0.153013323
9992,0.207596511,0.087339037,0.455182908,0.249881544
9993,0.490143474,0.251004455,0.086583181,0.17226889
9994,0.21635569,0.162366233,0.330710355,0.290567723
9995,0.516941552,0.294661571,0.111974697,0.076422179
9996,0.111697661,0.478523398,0.323116361,0.08666258
9997,0.394621406,0.2431686,0.303965929,0.058244065
9998,0.44701374,0.320501094,0.117574257,0.11491091
9999,0.133995045,0.65182689,0.085299435,0.12887863
10000,0.825993901,0.054469437,0.06771365,0.051823012
10001,0.329222901,0.259790042,0.313231552,0.097755505
10002,0.601928319,0.16514786,0.098933466,0.133990355
10003,0.411084851,0.51202367,0.029967698,0.046923781
10004,0.683056703,0.188983534,0.067352155,0.060607609
10005,0.58808326,0.175165827,0.189315541,0.047435373
10006,0.679738648,0.126745214,0.146715812,0.046800326
10007,0.303334581,0.529013716,0.083149605,0.084502098
10008,0.103407215,0.251261357,0.582195649,0.063135779
10009,0.316684082,0.447352199,0.201826941,0.034136779
10010,0.448117805,0.104086873,0.37950245,0.068292873
10011,0.128558465,0.727001938,0.076595499,0.067844099
10012,0.61853696,0.282976489,0.039449013,0.059037538
10013,0.165787884,0.408684126,0.31911736,0.10641063
10014,0.480793835,0.293430904,0.063954414,0.161820847
10015,0.112266,0.522264514,0.285457713,0.080011773
10016,0.07216303,0.607538654,0.090428663,0.229869654
10017,0.080766758,0.451556709,0.118052211,0.349624322
10018,0.443843666,0.17243144,0.207564115,0.176160779
10019,0.327762147,0.1593318,0.258456314,0.25444974
10020,0.202048179,0.619139223,0.049905025,0.128907572
10021,0.480153374,0.241127832,0.038800032,0.239918763
10022,0.201125014,0.264241377,0.351849426,0.182784182
10023,0.129815685,0.619886663,0.07247594,0.177821712
10024,0.070782193,0.67811558,0.12819776,0.122904467
10025,0.116027129,0.438232332,0.135000582,0.310739957
10026,0.292920356,0.263191962,0.207511654,0.236376028
10027,0.470997183,0.287046812,0.130546806,0.111409199
10028,0.033580748,0.711089299,0.074112659,0.181217294
10029,0.077916705,0.567993617,0.054679557,0.299410121
10030,0.065784106,0.494919226,0.247219288,0.192077381
10031,0.159584283,0.667261643,0.06658195,0.106572124
10032,0.203087368,0.263318171,0.357551451,0.176043011
10033,0.422069217,0.043497242,0.330143596,0.204289945
10034,0.136407254,0.323107798,0.234792533,0.305692415
10035,0.094152948,0.34410864,0.072732952,0.48900546
10036,0.404335025,0.21262166,0.119802502,0.263240814
10037,0.21474983,0.446724021,0.075522016,0.263004133
10038,0.089401393,0.267549955,0.088479567,0.554569085
10039,0.082041397,0.644960599,0.124769801,0.148228203
10040,0.241093314,0.212390384,0.23478568,0.311730622
10041,0.098507716,0.475972219,0.159798783,0.265721282
10042,0.233756558,0.050052407,0.452369046,0.263821988
10043,0.405344481,0.200438965,0.070732116,0.323484438
10044,0.32572833,0.187108028,0.235140933,0.25202271
10045,0.288253494,0.453246751,0.125771765,0.132727989
10046,0.064499359,0.305819751,0.404309646,0.225371244
10047,0.10924256,0.08746949,0.376014499,0.427273452
10048,0.189202159,0.510990681,0.146953361,0.1528538
10049,0.60926364,0.148400197,0.027136109,0.215200054
10050,0.080026896,0.457381323,0.112914385,0.349677395
10051,0.094273635,0.484598887,0.228765804,0.192361673
10052,0.220239592,0.529420394,0.029037334,0.22130268
10053,0.054305697,0.220287696,0.413828742,0.311577865
10054,0.053598223,0.10768005,0.525336565,0.313385162
10055,0.139486678,0.342861571,0.066241367,0.451410384
10056,0.055582699,0.312923454,0.250546353,0.380947495
10057,0.082847037,0.2974155,0.239631328,0.380106135
10058,0.199082837,0.088681697,0.424571095,0.287664371
10059,0.026709367,0.524660728,0.170221607,0.278408298
10060,0.337970443,0.276298101,0.197293846,0.18843761
10061,0.371855402,0.341955641,0.103014434,0.183174523
10062,0.127823503,0.66718646,0.051541885,0.153448152
10063,0.114839434,0.591419393,0.04945678,0.244284394
10064,0.026993705,0.531224443,0.27937452,0.162407332
10065,0.515882559,0.192240489,0.050764014,0.241112937
10066,0.176915123,0.419548052,0.090168853,0.313367972
10067,0.088280149,0.343993148,0.311511647,0.256215056
10068,0.23250172,0.164583523,0.388807502,0.214107255
10069,0.394166675,0.105676199,0.169990361,0.330166765
10070,0.149756913,0.184069502,0.189971635,0.47620195
10071,0.027205283,0.285732889,0.401668151,0.285393678
10072,0.064669418,0.036198627,0.478066083,0.421065871
10073,0.313928362,0.149991297,0.047978195,0.488102146
10074,0.213131598,0.213204385,0.323094799,0.250569218
10075,0.213293081,0.074592937,0.13318206,0.578931922
10076,0.058489728,0.256191307,0.092722649,0.592596316
10077,0.097810047,0.146903201,0.204073798,0.551212954
10078,0.340165487,0.067424791,0.087443118,0.504966604
10079,0.155506264,0.123514517,0.259480499,0.46149872
10080,0.104342227,0.165966039,0.161890237,0.567801498
10081,0.279153338,0.074117673,0.245732245,0.400996744
10082,0.159193408,0.217801703,0.292982199,0.33002269
10083,0.371552071,0.081002133,0.070709002,0.476736794
10084,0.083769595,0.443983026,0.028544747,0.443702632
10085,0.154688502,0.18901757,0.115360344,0.540933585
10086,0.208292413,0.253649521,0.041892712,0.496165354
10087,0.355629952,0.136601855,0.049996415,0.457771778
10088,0.082161652,0.163195459,0.227267008,0.527375881
10089,0.319767928,0.037125612,0.23441562,0.408690839
10090,0.331819099,0.226410657,0.058682587,0.383087656
10091,0.123694171,0.102316473,0.195278026,0.57871133
10092,0.04160056,0.310536811,0.137533762,0.510328867
10093,0.055968135,0.164012099,0.208994271,0.571025496
10094,0.313900364,0.060237322,0.252971504,0.37289081
10095,0.126303826,0.121927849,0.302293731,0.449474593
10096,0.064946601,0.202813982,0.33919889,0.393040528
10097,0.106336397,0.074141123,0.114094026,0.705428454
10098,0.055895845,0.220163255,0.374817751,0.349123149
10099,0.041696927,0.134089125,0.326955613,0.497258335
10100,0.178424535,0.105161987,0.179511101,0.536902377
10101,0.275183853,0.209842196,0.105519976,0.409453974
10102,0.089596377,0.09388672,0.295374818,0.521142084
10103,0.153307889,0.026665075,0.368690266,0.451336769
10104,0.062605832,0.104862994,0.553860648,0.278670526
10105,0.040300098,0.121033369,0.295731136,0.542935396
10106,0.054306158,0.046432917,0.51388422,0.385376705
10107,0.072833936,0.10007267,0.032791222,0.794302172
10108,0.071660971,0.136764962,0.272022205,0.519551862
10109,0.189572601,0.089364667,0.377294594,0.343768138
10110,0.068604202,0.508934108,0.136860719,0.285600971
10111,0.048966226,0.113001198,0.502319623,0.335712953
10112,0.103106787,0.571766102,0.050527244,0.274599867
10113,0.128169961,0.427802805,0.163680827,0.280346407
10114,0.539949881,0.054318079,0.094959115,0.310772925
10115,0.134087353,0.430665268,0.05294307,0.382304309
10116,0.096254014,0.131487428,0.474580541,0.297678017
10117,0.099877745,0.170623801,0.46211367,0.267384784
10118,0.283856507,0.19821222,0.125837972,0.392093301
10119,0.166273167,0.137298883,0.330989753,0.365438198
10120,0.085445956,0.060277602,0.532009009,0.322267433
10121,0.312823458,0.070416682,0.220868005,0.395891855
10122,0.523323689,0.124213346,0.139549774,0.212913191
10123,0.031405335,0.369880225,0.30533914,0.293375301
10124,0.38608504,0.314326732,0.089382064,0.210206164
10125,0.114261237,0.146907404,0.293717516,0.445113844
10126,0.072117347,0.458064396,0.047978636,0.421839622
10127,0.177460034,0.089948607,0.587620379,0.14497098
10128,0.043998445,0.183716507,0.213542198,0.55874285
10129,0.114582344,0.196173847,0.157712482,0.531531327
10130,0.285479666,0.119770976,0.062239076,0.532510282
10131,0.230871967,0.090458731,0.156451885,0.522217417
10132,0.03400996,0.024024699,0.252631241,0.6893341
10133,0.489721309,0.050996328,0.080780245,0.378502118
10134,0.075185696,0.053427031,0.225733578,0.645653695
10135,0.113979302,0.086139454,0.048851659,0.751029585
10136,0.265989832,0.078628544,0.116639753,0.538741872
10137,0.034183314,0.216293659,0.373148531,0.376374497
10138,0.09960744,0.085166005,0.128714363,0.686512192
10139,0.391916812,0.039435409,0.076232673,0.492415106
10140,0.286497973,0.071441691,0.031097978,0.610962358
10141,0.234348156,0.07831576,0.332005243,0.355330841
10142,0.112292784,0.043615013,0.320537796,0.523554407
10143,0.0473418,0.129158866,0.290821561,0.532677772
10144,0.142972251,0.099744757,0.412291855,0.344991137
10145,0.252458489,0.104549705,0.112841586,0.53015022
10146,0.16879692,0.212420619,0.014045991,0.60473647
10147,0.35425862,0.223754064,0.166771686,0.25521563
10148,0.221245328,0.059629222,0.322201728,0.396923722
10149,0.082855265,0.445078324,0.205582371,0.26648404
10150,0.317955809,0.409192403,0.082702698,0.19014909
10151,0.31490642,0.321072623,0.049115392,0.314905565
10152,0.248368481,0.264749307,0.065330563,0.421551649
10153,0.455369287,0.111154883,0.051420167,0.382055662
10154,0.089112405,0.172550776,0.209549322,0.528787497
10155,0.100634292,0.379053738,0.333994784,0.186317186
10156,0.195499938,0.352622474,0.044639513,0.407238075
10157,0.369826304,0.267999794,0.085667432,0.276506471
10158,0.323238689,0.110195182,0.065885746,0.500680383
10159,0.169702608,0.214967231,0.329725763,0.285604398
10160,0.160582793,0.324403662,0.233487915,0.281525631
10161,0.039421549,0.064255488,0.571992269,0.324330695
10162,0.331594274,0.336681746,0.073395206,0.258328773
10163,0.053290018,0.06247324,0.257210057,0.627026684
10164,0.224211517,0.243129702,0.313522847,0.219135933
10165,0.313272637,0.079617745,0.107929492,0.499180126
10166,0.068137244,0.403520515,0.354323477,0.174018764
10167,0.06141021,0.136137725,0.353527218,0.448924847
10168,0.184316833,0.655463078,0.023903917,0.136316172
10169,0.201179356,0.121181744,0.326552519,0.351086381
10170,0.519610712,0.115780089,0.049309506,0.315299693
10171,0.071535502,0.469852569,0.243347167,0.215264763
10172,0.287941208,0.108870633,0.207411858,0.395776301
10173,0.390521262,0.429160817,0.022888664,0.157429257
10174,0.382356796,0.414307577,0.035601266,0.167734361
10175,0.148159748,0.114175775,0.488110556,0.249553921
10176,0.314095743,0.233054614,0.163916446,0.288933197
10177,0.077734943,0.743569094,0.040297416,0.138398547
10178,0.145040791,0.529882754,0.163222985,0.16185347
10179,0.311693466,0.131525295,0.232255648,0.324525591
10180,0.18888398,0.167180893,0.147329086,0.49660604
10181,0.033968918,0.816913804,0.043376056,0.105741222
10182,0.29601655,0.115044087,0.133949714,0.454989648
10183,0.162425837,0.401344714,0.06924373,0.36698572
10184,0.337697505,0.391667813,0.030911329,0.239723352
10185,0.520875552,0.290989683,0.088217051,0.099917715
10186,0.077509676,0.668860597,0.174991816,0.07863791
10187,0.314350916,0.064134616,0.458527494,0.162986974
10188,0.157244119,0.618723024,0.091552799,0.132480058
10189,0.057581599,0.134207765,0.671932351,0.136278285
10190,0.71239283,0.090575799,0.064794758,0.132236613
10191,0.295163575,0.451043742,0.12384384,0.129948844
10192,0.587831874,0.275121844,0.035084608,0.101961674
10193,0.193677708,0.432663451,0.199665027,0.173993813
10194,0.246420851,0.177630634,0.43174084,0.144207675
10195,0.076304125,0.452142458,0.363312256,0.108241161
10196,0.59674756,0.063390509,0.228107961,0.11175397
10197,0.654073704,0.109736251,0.116789018,0.119401027
10198,0.050454862,0.758608128,0.11273005,0.078206961
10199,0.252802591,0.133751997,0.401722839,0.211722573
10200,0.217904718,0.087092093,0.536641214,0.158361975
10201,0.526071099,0.204079348,0.094617496,0.175232057
10202,0.434264284,0.228387602,0.165810228,0.171537886
10203,0.255190692,0.292451495,0.133664445,0.318693369
10204,0.086549061,0.301067312,0.314419557,0.29796407
10205,0.475827353,0.21486792,0.067673949,0.241630778
10206,0.09992326,0.413041732,0.041297304,0.445737704
10207,0.331606757,0.164637065,0.248633895,0.255122283
10208,0.071964921,0.111118331,0.104872213,0.712044535
10209,0.130798939,0.164404772,0.149005149,0.55579114
10210,0.133402924,0.50233816,0.039185218,0.325073698
10211,0.053952801,0.316642861,0.460233083,0.169171254
10212,0.040918474,0.047897951,0.514383685,0.396799891
10213,0.296529922,0.235281029,0.043862885,0.424326165
10214,0.169367531,0.090203483,0.348883656,0.39154533
10215,0.241923695,0.244459575,0.279189231,0.2344275
10216,0.400428119,0.064901925,0.349360551,0.185309405
10217,0.088940977,0.31380283,0.29781206,0.299444133
10218,0.184636862,0.167254003,0.059342984,0.588766152
10219,0.104968033,0.209484789,0.258231072,0.427316106
10220,0.074439371,0.294461126,0.259014261,0.372085242
10221,0.206621271,0.069435942,0.162252621,0.561690167
10222,0.357140948,0.077597221,0.336111809,0.229150021
10223,0.230086221,0.591681357,0.102951737,0.075280685
10224,0.096278632,0.199134807,0.541494329,0.163092232
10225,0.100800251,0.407560333,0.351335147,0.140304268
10226,0.445108418,0.312110717,0.122281054,0.120499811
10227,0.192364938,0.349119256,0.311333229,0.147182578
10228,0.136241847,0.312620934,0.424663575,0.126473644
10229,0.521046204,0.077170597,0.328337715,0.073445484
10230,0.388701868,0.146281683,0.295553826,0.169462622
10231,0.250460831,0.091563944,0.532434032,0.125541193
10232,0.43089526,0.112042915,0.245488227,0.211573598
10233,0.108671074,0.508688378,0.28674835,0.095892199
10234,0.358976596,0.547371432,0.029990526,0.063661446
10235,0.61157526,0.109450008,0.131968174,0.147006558
10236,0.126457731,0.352082969,0.269724639,0.251734661
10237,0.114898071,0.608249166,0.137744368,0.139108395
10238,0.455754451,0.275784878,0.149110365,0.119350306
10239,0.464890847,0.092610749,0.365184219,0.077314185
10240,0.057652815,0.608068903,0.277638254,0.056640027
10241,0.114390852,0.096222414,0.695753695,0.093633038
