No,Ch1,Ch2,Ch3,Ch49501,0.155913783,0.071877302,0.111083954,0.6611249619502,0.461150384,0.032811097,0.009421845,0.4966166749503,0.031829351,0.251368061,0.158793578,0.5580090099504,0.317990209,0.137251798,0.095478419,0.4492795749505,0.049991238,0.286940355,0.043320575,0.6197478329506,0.238687754,0.213970704,0.022156142,0.52518549507,0.328940724,0.05888054,0.050119837,0.5620588999508,0.04310708,0.169269652,0.027576152,0.7600471169509,0.272398608,0.287055608,0.020262517,0.4202832679510,0.156572144,0.096491956,0.023852352,0.7230835479511,0.310847075,0.05052595,0.092412772,0.5462142039512,0.065269088,0.185671619,0.072069906,0.6769893879513,0.155041976,0.087836158,0.087640087,0.6694817799514,0.036739154,0.152545131,0.05664069,0.7540750259515,0.153734858,0.226468733,0.012038191,0.6077582179516,0.044173658,0.183730891,0.01888055,0.7532149029517,0.150907694,0.115638414,0.029576549,0.7038773429518,0.089325689,0.027988852,0.140852858,0.7418326019519,0.042690892,0.204311216,0.121201628,0.6317962649520,0.076321653,0.293590237,0.303783297,0.3263048139521,0.396522925,0.13780907,0.061528851,0.4041391549522,0.367112312,0.294181029,0.031802651,0.3069040099523,0.093220335,0.593548567,0.036512397,0.2767187019524,0.197578025,0.242898155,0.117957784,0.4415660369525,0.124437963,0.347020478,0.323912074,0.2046294859526,0.110375273,0.138089566,0.12839092,0.6231442419527,0.092561077,0.440398326,0.303565159,0.1634754389528,0.085517927,0.34686232,0.137708843,0.429910919529,0.200382613,0.267399206,0.327441161,0.204777029530,0.148727364,0.112251516,0.143715475,0.5953056469531,0.226213392,0.251898641,0.15856262,0.3633253479532,0.202923496,0.066805707,0.31424738,0.4160234179533,0.36721928,0.267137484,0.070271476,0.295371769534,0.605903266,0.053449976,0.031931658,0.30871519535,0.243160113,0.337645658,0.049177643,0.3700165859536,0.667027222,0.059742681,0.043696578,0.2295335199537,0.099298148,0.30830966,0.275660297,0.3167318949538,0.305736998,0.117647331,0.101492294,0.4751233779539,0.065927866,0.185686361,0.280244529,0.4681412449540,0.105968607,0.062917091,0.387320177,0.4437941259541,0.343241891,0.255789414,0.071446033,0.3295226619542,0.310643374,0.135984037,0.02696802,0.526404579543,0.033632094,0.065379585,0.478513182,0.4224751389544,0.179723317,0.08441809,0.339039371,0.3968192219545,0.286358397,0.102317069,0.109595103,0.5017294319546,0.108558559,0.2897731,0.228473884,0.3731944579547,0.081670959,0.24310555,0.159614125,0.5156093669548,0.104596156,0.23814162,0.039495167,0.6177670579549,0.079063368,0.385594813,0.212978982,0.3223628389550,0.078978272,0.076636998,0.104992546,0.7393921849551,0.249512243,0.073001192,0.21205836,0.4654282059552,0.122554286,0.056455642,0.145343832,0.675646249553,0.28166844,0.176384636,0.026658545,0.5152883799554,0.255528146,0.075864665,0.037013991,0.6315931989555,0.14730963,0.324609739,0.1088553,0.419225339556,0.099586035,0.057723526,0.078020752,0.7646696869557,0.372273643,0.09313059,0.043792721,0.4908030479558,0.181699599,0.432099705,0.274718455,0.111482249559,0.336783625,0.241318975,0.256611045,0.1652863559560,0.596265343,0.026537163,0.315815923,0.0613815719561,0.162644719,0.458684708,0.105985601,0.2726849719562,0.143569759,0.626730118,0.111023746,0.1186763769563,0.225742867,0.131050614,0.385714641,0.2574918799564,0.064367158,0.062473374,0.787245104,0.0859143649565,0.408690281,0.190025746,0.342711749,0.0585722259566,0.260758111,0.423250633,0.273029862,0.0429613959567,0.282278289,0.273848747,0.352199077,0.0916738869568,0.307985669,0.205976645,0.434591807,0.051445889569,0.120215309,0.180800599,0.170066499,0.5289175929570,0.247615014,0.627676838,0.021516391,0.1031917579571,0.081347358,0.271258917,0.54231772,0.1050760059572,0.072253624,0.151175257,0.675731522,0.1008395979573,0.361681144,0.075482383,0.427433392,0.1354030819574,0.03025667,0.632512863,0.224683502,0.1125469659575,0.168905111,0.390997042,0.13206942,0.3080284279576,0.081203549,0.606594321,0.175576647,0.1366254839577,0.078040079,0.311293214,0.276591072,0.3340756359578,0.108959132,0.386303978,0.22077964,0.283957259579,0.029493803,0.52024857,0.280254963,0.1700026649580,0.067831808,0.078470366,0.406714783,0.4469830439581,0.174290199,0.054390513,0.576723118,0.194596179582,0.618447009,0.047787137,0.027599264,0.306166599583,0.149729674,0.121953606,0.103181909,0.6251348119584,0.075184993,0.410131788,0.272713156,0.2419700629585,0.585995524,0.032867291,0.040752347,0.3403848389586,0.168355811,0.135252049,0.103439711,0.5929524289587,0.130422227,0.045643536,0.58286192,0.2410723179588,0.48461665,0.064691366,0.108003295,0.3426886899589,0.543863801,0.158919148,0.071170602,0.2260464499590,0.405743357,0.080858032,0.343357118,0.1700414939591,0.124274806,0.289350705,0.070554449,0.5158200399592,0.174548709,0.080777371,0.464418127,0.2802557949593,0.227497074,0.488465304,0.127607988,0.1564296349594,0.041957731,0.442776276,0.290416035,0.2248499599595,0.235724124,0.157127782,0.439494484,0.167653619596,0.187161442,0.227987623,0.429576654,0.1552742829597,0.41747829,0.38196392,0.044919681,0.1556381099598,0.375815521,0.47095512,0.092732724,0.0604966349599,0.201434367,0.33445255,0.127637418,0.3364756669600,0.357586465,0.438193303,0.101399005,0.1028212279601,0.355625986,0.131996272,0.253353024,0.2590247189602,0.280881572,0.255259071,0.319501945,0.1443574119603,0.151318094,0.39964464,0.05708067,0.3919565969604,0.181836036,0.286652514,0.153095506,0.3784159459605,0.121367455,0.713301455,0.038753893,0.1265771969606,0.400689814,0.342647108,0.088365517,0.1682975629607,0.237792584,0.506207333,0.119154947,0.1368451369608,0.059571079,0.660938964,0.105691719,0.1737982389609,0.468265982,0.11937569,0.178039963,0.2343183669610,0.632148822,0.127221659,0.093301796,0.1473277249611,0.234455157,0.158398334,0.386242476,0.2209040339612,0.64163263,0.095685569,0.036484394,0.2261974089613,0.372515559,0.113076557,0.365300924,0.149106969614,0.486118378,0.066564452,0.148478169,0.2988390019615,0.048080242,0.726199265,0.0350633,0.1906571939616,0.506537689,0.043413371,0.171746488,0.2783024529617,0.217186131,0.181716434,0.152975071,0.4481223659618,0.116304068,0.27518391,0.402707196,0.2058048269619,0.127900087,0.120208703,0.096641428,0.6552497829620,0.159613047,0.347546701,0.068559436,0.4242808169621,0.528995299,0.130141827,0.106655639,0.2342072359622,0.198090077,0.121186545,0.131422239,0.5493011399623,0.022927107,0.514610187,0.229805944,0.2326567629624,0.415239479,0.036957915,0.21616874,0.3316338669625,0.287783175,0.285831623,0.057813682,0.368571529626,0.461384648,0.192292859,0.116385059,0.2299374349627,0.12253651,0.600264868,0.090709006,0.1864896169628,0.435186737,0.053617322,0.12942957,0.3817663719629,0.331906333,0.099034308,0.289428658,0.2796307029630,0.201612011,0.400612894,0.223243796,0.1745312999631,0.131631745,0.430617712,0.143788453,0.293962099632,0.074824498,0.105833582,0.588495838,0.2308460829633,0.227818618,0.214634382,0.29005565,0.267491359634,0.154179875,0.478186763,0.130613347,0.2370200159635,0.146224784,0.091409045,0.295500573,0.4668655999636,0.08094328,0.555711163,0.07632242,0.2870231389637,0.057213756,0.231113449,0.435963973,0.2757088229638,0.342597141,0.16567932,0.292223691,0.1994998489639,0.509009064,0.083266491,0.269207471,0.1385169749640,0.341585461,0.250908212,0.301163378,0.1063429499641,0.192926665,0.055691064,0.527723003,0.2236592689642,0.248044896,0.453591523,0.060297475,0.2380661059643,0.092436301,0.166709025,0.189859576,0.5509950989644,0.331208434,0.140303888,0.126724248,0.4017634299645,0.248357816,0.140859402,0.207115645,0.4036671379646,0.440805738,0.125587521,0.094652278,0.3389544639647,0.176280725,0.091651643,0.541971433,0.1900961999648,0.290741245,0.091771114,0.265634737,0.3518529049649,0.050516297,0.622367967,0.113449143,0.2136665939650,0.143551202,0.064906677,0.509816754,0.2817253679651,0.161719269,0.057871843,0.458733493,0.3216753959652,0.347788906,0.11863197,0.125811693,0.4077674319653,0.386808235,0.117449287,0.180487301,0.3152551779654,0.099530056,0.117222601,0.301747266,0.4815000779655,0.185875583,0.057305997,0.266498024,0.4903203969656,0.238066143,0.112487636,0.348423671,0.301022559657,0.083191635,0.052613186,0.316056121,0.5481390589658,0.107627706,0.320077096,0.284497441,0.2877977579659,0.020879178,0.575972795,0.064710114,0.3384379149660,0.144188109,0.204552683,0.095368612,0.5558905969661,0.056380953,0.046202616,0.509632743,0.3877836889662,0.19918287,0.451552894,0.0539176,0.2953466379663,0.212103135,0.426769691,0.071226974,0.28990029664,0.045923163,0.127075871,0.596597439,0.2304035279665,0.057902966,0.205224775,0.49225585,0.2446164099666,0.060027312,0.323903818,0.204654185,0.4114146849667,0.15265991,0.146749108,0.13040221,0.5701887719668,0.05310671,0.224328889,0.375687532,0.3468768699669,0.283754877,0.420574713,0.048034256,0.2476361549670,0.065141431,0.363329707,0.23079146,0.3407374029671,0.383628625,0.092012707,0.304111987,0.2202466819672,0.302758944,0.339490783,0.176366091,0.1813841829673,0.224883644,0.093463312,0.547262113,0.1343909319674,0.122232414,0.236206089,0.369638509,0.2719229889675,0.359454553,0.062478471,0.306297997,0.2717689799676,0.102876876,0.396436176,0.184675387,0.316011569677,0.14460108,0.16752793,0.560113513,0.1277574779678,0.092572964,0.285929864,0.342304986,0.2791921869679,0.063323025,0.069218445,0.634323268,0.2331352629680,0.151356105,0.445608489,0.167923591,0.2351118159681,0.393336788,0.342416547,0.189563466,0.0746831989682,0.283009426,0.216195467,0.312520177,0.1882749319683,0.184510044,0.574509693,0.059843026,0.1811372369684,0.50085817,0.277312112,0.111457351,0.1103723679685,0.216356038,0.477033809,0.077566206,0.2290439479686,0.06507879,0.403830107,0.385612881,0.1454782229687,0.220923159,0.483039061,0.092988726,0.2030490549688,0.256376837,0.252291187,0.154023589,0.3373083879689,0.224959165,0.513597704,0.161322849,0.1001202829690,0.378931952,0.135059778,0.332225792,0.1537824799691,0.187493491,0.475580986,0.071703529,0.2652219949692,0.119558355,0.101025577,0.157115227,0.6223008419693,0.267871181,0.06641949,0.521834277,0.1438750529694,0.050350742,0.237420855,0.172579773,0.539648639695,0.192275472,0.111604481,0.528815837,0.167304219696,0.165044167,0.162911035,0.147399711,0.5246450889697,0.270878936,0.322957145,0.153170654,0.2529932659698,0.119219932,0.145036883,0.524156829,0.2115863569699,0.311553729,0.086361385,0.133963115,0.4681217719700,0.038210248,0.520198562,0.119961149,0.3216300419701,0.610499621,0.108508977,0.045904495,0.2350869089702,0.046683787,0.273780675,0.19283086,0.4867046779703,0.446451416,0.049748512,0.218330096,0.2854699769704,0.282710949,0.117951481,0.107433925,0.4919036449705,0.119557179,0.17967735,0.51205671,0.1887087619706,0.076634234,0.409395719,0.183383641,0.3305864069707,0.555644747,0.112188491,0.085887246,0.2462795179708,0.089400826,0.105410541,0.162469366,0.6427192679709,0.350343296,0.38005757,0.08713703,0.1824621059710,0.379660946,0.304173599,0.135776856,0.1803885999711,0.650415766,0.11464019,0.146589141,0.0883549049712,0.393511628,0.338412677,0.190442092,0.0776336039713,0.12991572,0.575403608,0.222453088,0.0722275849714,0.130174719,0.133878245,0.577446163,0.1585008739715,0.095636884,0.453035734,0.30550795,0.1458194339716,0.156451974,0.096701404,0.702689372,0.044157259717,0.339648969,0.18686396,0.394288434,0.0791986379718,0.025040448,0.402349125,0.521515939,0.0510944879719,0.146015617,0.349833785,0.412388292,0.0917623069720,0.371715309,0.087387595,0.433488864,0.1074082329721,0.515004041,0.139798141,0.247638218,0.09755969722,0.377831727,0.219931432,0.305087003,0.0971498389723,0.157299237,0.64153585,0.056069761,0.1450951519724,0.125848822,0.109115263,0.700158232,0.0648776839725,0.347781029,0.060821134,0.508326646,0.0830711929726,0.401774797,0.191074569,0.155535763,0.2516148719727,0.056039312,0.408817639,0.445155725,0.0899873249728,0.152589575,0.593352236,0.195334463,0.0587237259729,0.0880525,0.064217811,0.653323385,0.1944063039730,0.216976707,0.116619812,0.201237085,0.4651663959731,0.043573488,0.187529655,0.568259251,0.2006376059732,0.171028858,0.325107398,0.130269707,0.3735940379733,0.243958704,0.247248017,0.119432304,0.3893609769734,0.194364588,0.178024648,0.207080828,0.4205299369735,0.360167304,0.350783347,0.059831013,0.2292183369736,0.063701732,0.364841179,0.258172127,0.3132849629737,0.063023612,0.178742203,0.513477291,0.2447568949738,0.106427862,0.072214059,0.526883953,0.2944741279739,0.08675938,0.110933122,0.533315758,0.2689917419740,0.280776138,0.0502988,0.49096538,0.1779596819741,0.1336903,0.492629,0.11421964,0.259461069742,0.052228126,0.543918535,0.141812172,0.2620411679743,0.036014006,0.300805355,0.546708659,0.116471989744,0.222285341,0.397624381,0.268491308,0.111598979745,0.240660107,0.134169722,0.480372833,0.1447973389746,0.09205153,0.215350066,0.470663461,0.2219349439747,0.356276742,0.095641848,0.235417488,0.3126639239748,0.248183556,0.116493304,0.13672471,0.4985984299749,0.235235295,0.403419359,0.11840975,0.2429355969750,0.284221008,0.425502433,0.110666007,0.1796105529751,0.111851842,0.236192847,0.222027729,0.4299275839752,0.270163456,0.063753127,0.493279009,0.1728044099753,0.173149779,0.13390363,0.188772116,0.5041744749754,0.139952849,0.320792568,0.244856892,0.2943976929755,0.203037255,0.309097632,0.343291351,0.1445737619756,0.263351996,0.392822501,0.219677692,0.1241478119757,0.323191767,0.049581318,0.489691972,0.1375349439758,0.550267158,0.053498025,0.121689796,0.274545029759,0.078022293,0.266474022,0.187305506,0.4681981799760,0.033696339,0.49623679,0.279399977,0.1906668949761,0.212825948,0.10274657,0.215442003,0.4689854799762,0.244166179,0.101938194,0.173366151,0.4805294769763,0.093800452,0.066060554,0.655778131,0.1843608639764,0.320006613,0.193672626,0.071006393,0.4153143689765,0.214635362,0.406498551,0.061730495,0.3171355919766,0.226540956,0.208302076,0.140062432,0.4250945359767,0.106072374,0.236970011,0.198179258,0.4587783569768,0.400864453,0.102330441,0.041828439,0.4549766669769,0.261284171,0.373687039,0.051787725,0.3132410659770,0.325242248,0.392739596,0.027339729,0.2546784279771,0.226553377,0.424811884,0.023491446,0.3251432939772,0.079610708,0.529468096,0.022722212,0.3681989849773,0.066923874,0.055096895,0.394382347,0.4835968849774,0.186381984,0.528478262,0.041018991,0.2441207649775,0.196410847,0.258230916,0.307287692,0.2380705469776,0.078126306,0.362397403,0.095369532,0.4641067589777,0.095985174,0.517288303,0.096215196,0.2905113279778,0.320285737,0.082787432,0.11246159,0.4844652419779,0.416803645,0.198131568,0.07840819,0.3066565979780,0.041261126,0.646679543,0.030253067,0.2818062649781,0.07821773,0.096001621,0.373242401,0.4525382489782,0.071569735,0.059154241,0.497943696,0.3713323289783,0.17364976,0.091133572,0.410276561,0.3249401079784,0.0285553,0.442258374,0.169158062,0.3600282639785,0.142960059,0.447997527,0.040181286,0.3688611299786,0.370906452,0.1294133,0.167110068,0.332570189787,0.141533811,0.057069873,0.218199496,0.583196829788,0.061506373,0.260139525,0.325751449,0.3526026549789,0.179478361,0.377293673,0.115582115,0.3276458519790,0.337560892,0.245879942,0.204598068,0.2119610989791,0.039648569,0.256888566,0.450590153,0.2528727129792,0.09995414,0.194462662,0.138839137,0.5667440619793,0.35761473,0.119342727,0.192530899,0.3305116449794,0.037955644,0.170817867,0.314994767,0.4762317219795,0.446519723,0.160661178,0.18187796,0.2109411399796,0.142494418,0.135344122,0.470072222,0.2520892389797,0.067764233,0.337568168,0.320303194,0.2743644059798,0.151881179,0.461345157,0.172407271,0.2143663939799,0.120175316,0.485054277,0.085534021,0.3092363879800,0.252338473,0.066143628,0.070479067,0.6110388329801,0.098089107,0.103561921,0.413664873,0.3846840999802,0.387418737,0.283027788,0.199729231,0.1298242449803,0.074334139,0.053867798,0.410718483,0.4610795819804,0.25960892,0.047200402,0.418006935,0.2751837429805,0.307961849,0.276376253,0.185101195,0.2305607039806,0.272340203,0.06238667,0.064807825,0.6004653029807,0.101581857,0.294092374,0.210725785,0.3935999849808,0.092175325,0.341974954,0.214709571,0.351140159809,0.100741296,0.069795161,0.49193883,0.3375247139810,0.273682193,0.196083497,0.094551922,0.4356823889811,0.170704191,0.349180038,0.06007279,0.4200429819812,0.221228846,0.300296518,0.052402935,0.42607179813,0.382240691,0.103472085,0.210459593,0.303827639814,0.193521896,0.489987527,0.036026665,0.2804639119815,0.141388521,0.064496828,0.218098129,0.5760165229816,0.215586098,0.334105079,0.026357032,0.4239517919817,0.068452591,0.09206923,0.138570254,0.7009079269818,0.025973544,0.295199654,0.308043409,0.3707833939819,0.036399834,0.295150733,0.208268965,0.4601804679820,0.118817941,0.064319366,0.191141216,0.6257214789821,0.492064811,0.044079542,0.105762571,0.3580930769822,0.141419598,0.114279381,0.048640144,0.6956608789823,0.038067895,0.327584667,0.140644412,0.4937030269824,0.117326548,0.335231613,0.286606434,0.2608354059825,0.070864682,0.082539717,0.370192227,0.4764033749826,0.593770212,0.107958197,0.062044541,0.236227059827,0.432944337,0.335281224,0.054546533,0.1772279069828,0.054018287,0.508865418,0.277342708,0.1597735879829,0.398399231,0.059690813,0.435271248,0.1066387079830,0.201635701,0.2143638,0.335184976,0.2488155239831,0.382810913,0.066084109,0.29838175,0.2527232279832,0.046411883,0.529375554,0.134112178,0.2901003869833,0.035953601,0.753904447,0.038817389,0.1713245639834,0.055249959,0.055644976,0.666883267,0.2222217979835,0.321563016,0.062193717,0.140971359,0.4752719089836,0.123385637,0.498651065,0.149207499,0.2287557999837,0.198569834,0.333512636,0.135932597,0.3319849349838,0.298350729,0.208068401,0.216802452,0.2767784189839,0.302807748,0.098196252,0.223489544,0.3755064559840,0.181848502,0.080065291,0.452397208,0.2856889999841,0.095967961,0.199772646,0.52718205,0.1770773439842,0.16320915,0.357816154,0.203296621,0.2756780759843,0.494307222,0.086180425,0.132902001,0.2866103529844,0.460715622,0.244201054,0.117078414,0.178004919845,0.110477038,0.587550143,0.167984295,0.1339885239846,0.058194658,0.184203391,0.452992873,0.3046090789847,0.058041725,0.335189718,0.40467369,0.2020948679848,0.059486399,0.360164317,0.244966936,0.3353823489849,0.604285069,0.053943795,0.180049364,0.1617217729850,0.529971486,0.163277109,0.086602513,0.2201488929851,0.217460617,0.286298144,0.127283022,0.3689582189852,0.046448172,0.572732604,0.113262827,0.2675563979853,0.172592416,0.08935159,0.177507743,0.5605482519854,0.225548766,0.185108992,0.460556836,0.1287854069855,0.108222091,0.672898983,0.065075119,0.1538038079856,0.4608545,0.129491357,0.042188467,0.3674656769857,0.528210515,0.107228815,0.123766801,0.2407938699858,0.114747821,0.043626494,0.651671101,0.1899545849859,0.147407573,0.063809193,0.437525599,0.3512576359860,0.057671272,0.118580413,0.596155476,0.2275928399861,0.333773553,0.368211628,0.120767702,0.1772471169862,0.47930192,0.256310321,0.067002017,0.1973857429863,0.3255476,0.082593144,0.138441383,0.4534178739864,0.110561723,0.108617316,0.524004818,0.2568161439865,0.49200554,0.207791239,0.072319567,0.2278836549866,0.163224681,0.084028468,0.348588917,0.4041579349867,0.240369246,0.135198158,0.117997091,0.5064355069868,0.252798374,0.067760509,0.211737982,0.4677031359869,0.589307654,0.021400569,0.273648509,0.1156432679870,0.118409336,0.310821538,0.101676143,0.4690929839871,0.169487042,0.228749343,0.079978401,0.5217852149872,0.13967074,0.300997122,0.354081276,0.2052508619873,0.412456503,0.084562779,0.252553975,0.2504267429874,0.501003651,0.047899601,0.327993221,0.1231035279875,0.161783623,0.110920771,0.32688252,0.4004130869876,0.421272479,0.047564746,0.336576823,0.1945859529877,0.077487993,0.059027087,0.52379401,0.339690919878,0.153420306,0.099604581,0.354289327,0.3926857869879,0.120144517,0.090166777,0.504927705,0.2847610019880,0.398296721,0.038525644,0.110700924,0.4524767119881,0.468044571,0.033784438,0.416163834,0.0820071589882,0.159892601,0.676790413,0.074829646,0.088487349883,0.275097206,0.102247062,0.388175642,0.2344800899884,0.353516962,0.484620762,0.022849041,0.1390132359885,0.075959472,0.119187345,0.677891683,0.1269614999886,0.281456202,0.362252887,0.179303832,0.176987089887,0.185155217,0.279299672,0.402016245,0.1335288669888,0.46217327,0.309517936,0.042219056,0.1860897389889,0.340598887,0.432350206,0.124935725,0.1021151829890,0.528235521,0.087050003,0.158345352,0.2263691249891,0.281163305,0.316783775,0.315007042,0.0870458779892,0.35329592,0.044868209,0.512686948,0.0891489239893,0.092897534,0.176776801,0.555971118,0.1743545469894,0.456956016,0.087699288,0.314686381,0.1406583169895,0.141687799,0.189112857,0.368906782,0.3002925629896,0.142759427,0.441539461,0.129841226,0.2858598869897,0.667866464,0.207647978,0.056238698,0.0682468599898,0.475127319,0.068042284,0.299675889,0.1571545099899,0.511110831,0.173245012,0.083985109,0.2316590489900,0.694977378,0.16076789,0.098897686,0.0453570479901,0.260003094,0.170839885,0.461690541,0.107466489902,0.343762777,0.37038662,0.256635289,0.0292153149903,0.477465877,0.209427851,0.273010417,0.0400958559904,0.072750275,0.039832591,0.83579587,0.0516212639905,0.723624389,0.105069272,0.105317559,0.0659887819906,0.113282261,0.070973283,0.728633783,0.0871106739907,0.609399184,0.086815926,0.17353897,0.1302459199908,0.138858373,0.285189157,0.496322164,0.0796303059909,0.188065831,0.683294752,0.085611774,0.0430276449910,0.703124146,0.159870826,0.060112733,0.0768922959911,0.28522067,0.328730354,0.365661661,0.0203873159912,0.631034707,0.036486672,0.288787619,0.0436910029913,0.56986043,0.352566834,0.043827188,0.0337455499914,0.582357029,0.120326993,0.219366517,0.0779494619915,0.229767473,0.050070362,0.688681965,0.03148029916,0.465128135,0.044409014,0.453575266,0.0368875859917,0.081656919,0.562917027,0.287838465,0.0675875899918,0.515984381,0.244923046,0.11164565,0.1274469249919,0.207505782,0.269867735,0.427042244,0.0955842399920,0.249738498,0.270325321,0.070619968,0.4093162149921,0.168637397,0.212945438,0.102989684,0.5154274819922,0.156182344,0.403414889,0.070204403,0.3701983649923,0.186764842,0.514332322,0.066610332,0.2322925049924,0.040901799,0.089660913,0.620338192,0.2490990969925,0.118935894,0.336885651,0.412522093,0.1316563629926,0.560961799,0.196092426,0.093141926,0.1498038499927,0.693727866,0.086172112,0.066940064,0.1531599589928,0.126442998,0.206552721,0.07795277,0.589051519929,0.244824348,0.433790292,0.060727403,0.2606579589930,0.093846184,0.277074094,0.373410384,0.2556693379931,0.168165523,0.342381693,0.130940513,0.3585122719932,0.547593272,0.052945873,0.250549876,0.1489109799933,0.184591726,0.202887885,0.327863781,0.2846566089934,0.427900178,0.252435183,0.116336209,0.2033284319935,0.344738613,0.331470215,0.081000925,0.2427902469936,0.377691446,0.080635422,0.196946374,0.3447267589937,0.133741127,0.686662773,0.034638673,0.1449574279938,0.276953465,0.458849194,0.105233578,0.1589637639939,0.256692845,0.351194191,0.137828066,0.2542848989940,0.20542378,0.08259234,0.123944408,0.5880394729941,0.075829321,0.253349492,0.228472584,0.4423486039942,0.29951042,0.415864616,0.060930853,0.2236941119943,0.371776119,0.101173337,0.061023486,0.4660270589944,0.090786805,0.459613843,0.179605012,0.2699943419945,0.340252385,0.057799118,0.3329881,0.2689603979946,0.118140417,0.391790496,0.316168429,0.1739006589947,0.429928801,0.109692859,0.246560141,0.21381829948,0.094266154,0.142964639,0.48064803,0.2821211779949,0.429912141,0.258616321,0.067885533,0.2435860059950,0.216654557,0.304135338,0.108335147,0.3708749579951,0.564465928,0.140365904,0.053067526,0.2421006429952,0.218946824,0.154858968,0.117463449,0.5087307599953,0.497333871,0.09159995,0.172592555,0.2384736259954,0.106337323,0.073209162,0.270100305,0.5503532099955,0.059082314,0.231898896,0.10929717,0.599721629956,0.282678634,0.132807466,0.263826318,0.3206875829957,0.649437485,0.051699244,0.100813257,0.1980500149958,0.390793619,0.209370379,0.161347856,0.2384881469959,0.603097242,0.102849693,0.198488165,0.0955649019960,0.166566688,0.553796304,0.148440629,0.1311963789961,0.115034429,0.563100276,0.225128187,0.0967371079962,0.397740539,0.285996883,0.131813193,0.1844493859963,0.106190852,0.434026994,0.32325745,0.1365247049964,0.293460393,0.124678317,0.198297031,0.3835642599965,0.673708448,0.079349162,0.076946416,0.1699959759966,0.225422689,0.289487644,0.185926965,0.2991627029967,0.175505796,0.203459683,0.464408996,0.1566255259968,0.157424837,0.042689157,0.623570957,0.1763150489969,0.691938931,0.062277409,0.08423402,0.161549649970,0.538180417,0.126093975,0.178995453,0.1567301569971,0.145174487,0.54505544,0.186439687,0.1233303869972,0.220115863,0.624423301,0.084908271,0.0705525659973,0.128591659,0.440250596,0.117820122,0.3133376239974,0.170642175,0.498409449,0.213836213,0.1171121639975,0.206313768,0.163816435,0.443194654,0.1866751449976,0.445094465,0.311374262,0.106342234,0.1371890399977,0.233282774,0.103823694,0.388301392,0.274592149978,0.50689604,0.10321115,0.22841787,0.161474949979,0.307703159,0.386235037,0.136885223,0.1691765819980,0.267420333,0.176123117,0.269788716,0.2866678349981,0.361006666,0.175245111,0.218344834,0.2454033889982,0.460193139,0.187628564,0.228909892,0.1232684049983,0.096377295,0.141436521,0.319224349,0.4429618359984,0.103657311,0.184525725,0.595802735,0.1160142299985,0.05153984,0.419648702,0.360560293,0.1682511649986,0.177287711,0.323635364,0.165871567,0.3332053599987,0.044927293,0.119766181,0.669630787,0.1656757389988,0.054917409,0.310040627,0.472817437,0.1622245279989,0.227191765,0.12809092,0.464208996,0.1805083199990,0.182703011,0.287140658,0.165326097,0.3648302339991,0.520804351,0.094784293,0.256221222,0.1281901339992,0.174983948,0.073840766,0.47966232,0.2715129669993,0.530472029,0.236078121,0.070764168,0.1626856819994,0.221933957,0.183948083,0.310801903,0.2833160579995,0.514126677,0.306785743,0.095137349,0.0839502319996,0.11738863,0.492004185,0.315245231,0.0753619549997,0.356503635,0.237805146,0.346576987,0.0591142319998,0.468556079,0.314613174,0.110057079,0.1067736689999,0.135491645,0.649196701,0.092084066,0.12322758810000,0.841385129,0.038444375,0.058114326,0.0620561710001,0.323264686,0.268704921,0.302605112,0.10542528210002,0.617527256,0.16359191,0.092025061,0.12685577410003,0.373915142,0.550245392,0.030812361,0.04502710510004,0.690899751,0.181750239,0.054384701,0.07296530910005,0.586684827,0.173486622,0.184957719,0.05487083310006,0.678412334,0.14149198,0.134012535,0.04608315110007,0.310200581,0.533656934,0.085339844,0.07080264110008,0.091902746,0.252765171,0.593052067,0.06228001610009,0.29035868,0.441216417,0.229130674,0.03929422810010,0.479653735,0.088082989,0.366235268,0.06602800810011,0.113840215,0.750621269,0.073702978,0.06183553910012,0.584729856,0.301306454,0.042159932,0.07180375810013,0.157534321,0.414972634,0.331140093,0.09635295210014,0.499783224,0.273175405,0.06332267,0.16371870110015,0.107986246,0.58492048,0.215296882,0.09179639210016,0.066660055,0.62686416,0.079212612,0.22726317210017,0.078595841,0.443974527,0.100134017,0.37729561510018,0.455414156,0.160933303,0.184959371,0.19869317110019,0.357980238,0.153325194,0.228929115,0.25976545410020,0.20215183,0.576210128,0.061082257,0.16055578510021,0.499326613,0.247423256,0.037718687,0.21553144410022,0.188782896,0.273333842,0.322454253,0.21542900910023,0.130873176,0.637811122,0.062096375,0.16921932710024,0.073697145,0.700486644,0.09300145,0.13281476110025,0.118953652,0.459296622,0.13836189,0.28338783510026,0.246338872,0.317474095,0.16502977,0.27115726310027,0.4138049,0.291114083,0.157387381,0.13769363610028,0.035373414,0.683831496,0.076733139,0.20406195110029,0.075544086,0.582844069,0.056890449,0.28472139510030,0.059214158,0.460357784,0.27492458,0.20550347710031,0.146940911,0.666429986,0.057466551,0.12916255210032,0.212510992,0.273175621,0.34850814,0.16580524710033,0.459346082,0.036466757,0.30015784,0.20402932210034,0.150528266,0.347149079,0.250622055,0.25170059910035,0.094841264,0.396730718,0.086019793,0.42240822510036,0.406204274,0.206063341,0.107658048,0.28007433710037,0.209977326,0.492161104,0.073743314,0.22411825610038,0.075953253,0.291815329,0.094028503,0.53820291510039,0.086866379,0.628717636,0.142911547,0.14150443710040,0.257658127,0.217921444,0.260960583,0.26345984710041,0.113351327,0.434502937,0.195760553,0.25638518210042,0.245121099,0.055762756,0.468359423,0.23075672110043,0.402658739,0.228750173,0.063101575,0.30548951310044,0.337881594,0.193159657,0.225818397,0.24314035110045,0.30872889,0.417801542,0.148252682,0.12521688710046,0.06725606,0.333150431,0.423041664,0.17655184610047,0.133122707,0.105259983,0.358139452,0.40347785810048,0.217230874,0.459875741,0.157726514,0.16516687110049,0.612599353,0.159666847,0.027163225,0.20057057410050,0.065334522,0.455659625,0.109830786,0.36917506710051,0.086337458,0.480578729,0.267241787,0.16584202610052,0.219518109,0.502266905,0.027981179,0.25023380710053,0.049191559,0.22546352,0.405278694,0.32006622710054,0.060371453,0.110814782,0.441904953,0.38690881210055,0.134718214,0.354380875,0.058807565,0.45209334610056,0.058418485,0.321770477,0.258342508,0.3614685310057,0.090106951,0.231468438,0.235833539,0.44259107210058,0.193418512,0.091781367,0.411371081,0.30342903910059,0.027132071,0.546299173,0.166584028,0.25998472910060,0.300124983,0.310368332,0.175868412,0.21363827310061,0.318291356,0.377367947,0.097346016,0.20699468210062,0.122920012,0.643470658,0.049715073,0.18389425710063,0.097577051,0.580145805,0.035336614,0.2869405310064,0.024938284,0.546622389,0.26768767,0.16075165710065,0.51858278,0.167486229,0.057853755,0.25607723510066,0.174312766,0.439759473,0.088219695,0.29770806610067,0.092486165,0.336483611,0.293595395,0.27743482910068,0.22401081,0.173858674,0.357527363,0.24460315210069,0.401583438,0.10400137,0.154023449,0.34039174210070,0.143125947,0.172275569,0.155199614,0.52939886910071,0.028966417,0.287980275,0.407827144,0.27522616310072,0.061704319,0.034802191,0.521455923,0.38203756810073,0.325093188,0.131570268,0.048085587,0.49525095810074,0.232520028,0.198859493,0.326375264,0.24224521410075,0.237225469,0.072514959,0.127914575,0.56234499710076,0.057440909,0.257524408,0.103433233,0.58160144910077,0.100463642,0.1397656,0.205655026,0.55411573310078,0.311611685,0.061827313,0.085666971,0.54089403110079,0.170098392,0.141290964,0.23209427,0.45651637410080,0.119571497,0.191034867,0.16817646,0.52121717510081,0.27924356,0.082584356,0.22682624,0.41134584410082,0.173512304,0.19009965,0.297905065,0.33848298110083,0.270577427,0.070599515,0.063626955,0.59519610410084,0.097151063,0.427077225,0.029587911,0.44618380110085,0.167451232,0.210504796,0.131754296,0.49028967610086,0.242982773,0.255197759,0.040813162,0.46100630510087,0.360463187,0.122441981,0.040419805,0.47667502710088,0.070940195,0.178191242,0.202723452,0.54814511110089,0.332781193,0.034877442,0.249167059,0.38317430710090,0.279967607,0.237638137,0.060070689,0.42232356710091,0.140352323,0.108429514,0.192941351,0.55827681310092,0.036801455,0.308176368,0.137730433,0.51729174310093,0.064484231,0.192607419,0.226201408,0.51670694210094,0.274753796,0.059021254,0.259863217,0.40636173310095,0.138872719,0.120223734,0.277711322,0.46319222610096,0.065555215,0.222266898,0.369498426,0.34267946110097,0.115117769,0.084571511,0.135854232,0.66445648810098,0.047337824,0.194725762,0.358241219,0.39969519510099,0.038561576,0.125587068,0.301975288,0.53387606710100,0.166616262,0.120125876,0.206600681,0.50665718210101,0.239076553,0.238782556,0.121797127,0.40034376310102,0.085925041,0.100171123,0.317501382,0.49640245410103,0.153772807,0.028685456,0.419693841,0.39784789510104,0.061339775,0.114328462,0.508938622,0.31539314110105,0.032541817,0.118805549,0.337835155,0.51081747910106,0.058630565,0.043889464,0.515880075,0.38159989610107,0.082160849,0.120955274,0.037698254,0.75918562310108,0.057970393,0.124691788,0.234911808,0.58242601210109,0.171978105,0.088405638,0.38772244,0.35189381710110,0.051264311,0.509946247,0.142292074,0.29649736710111,0.057047666,0.112212843,0.479835928,0.35090356310112,0.11448316,0.574554613,0.051207534,0.25975469310113,0.136205696,0.419801426,0.141133962,0.30285891510114,0.515409738,0.050271059,0.103895058,0.33042414510115,0.12159884,0.48467929,0.04795286,0.3457690110116,0.095384675,0.130862953,0.466076275,0.30767609610117,0.099223525,0.156474464,0.462204515,0.28209749610118,0.245500604,0.223017755,0.131515168,0.39996647310119,0.168385568,0.136165293,0.302215691,0.39323344710120,0.085429969,0.056388647,0.550213761,0.30796762310121,0.298633874,0.067059283,0.180639433,0.4536674110122,0.48161619,0.134333019,0.117714111,0.2663366810123,0.033342561,0.364163214,0.307931726,0.29456249910124,0.38888906,0.332222218,0.091055809,0.18783291210125,0.121001503,0.157096065,0.27086169,0.45104074210126,0.070280712,0.461825684,0.046968259,0.42092534510127,0.169100765,0.093023629,0.586573941,0.15130166510128,0.042836375,0.178132875,0.192968635,0.58606211510129,0.122722554,0.211141906,0.150732314,0.51540322610130,0.280589797,0.094994239,0.054056603,0.57035936110131,0.219083498,0.09548354,0.170154976,0.51527798610132,0.033180376,0.025338817,0.237170319,0.70431048810133,0.521672959,0.043834139,0.076660991,0.35783191110134,0.086271845,0.046045452,0.182875956,0.68480674610135,0.130874304,0.088177317,0.045967167,0.73498121210136,0.245359935,0.074047064,0.103269806,0.57732319610137,0.034362532,0.191584302,0.406697394,0.36735577110138,0.108747588,0.082978728,0.119485656,0.68878802810139,0.349357821,0.034813276,0.063925512,0.55190339110140,0.319347357,0.07413035,0.031921909,0.57460038410141,0.203088194,0.076083526,0.312529215,0.40829906510142,0.117132954,0.041263061,0.343402507,0.49820147810143,0.044601053,0.128865179,0.264302924,0.56223084410144,0.121444153,0.093846971,0.361067048,0.42364182810145,0.219492759,0.11662241,0.107020017,0.55686481310146,0.189160701,0.223530871,0.013792184,0.57351624410147,0.329538598,0.23562775,0.182759586,0.25207406610148,0.211996346,0.068041101,0.334442074,0.38552047910149,0.074279859,0.467160819,0.224498706,0.23406061610150,0.294900893,0.429520612,0.092060069,0.18351842510151,0.344667341,0.310122144,0.051526256,0.2936842610152,0.232987782,0.260746761,0.062830019,0.44343543810153,0.430321046,0.1319308,0.052446721,0.38530143210154,0.094341955,0.175284805,0.228219037,0.50215420310155,0.094878116,0.390950551,0.338373793,0.1757975410156,0.224958398,0.336801711,0.048838207,0.38940168410157,0.302040199,0.274337147,0.07151613,0.35210652410158,0.348998787,0.106367447,0.066139211,0.47849455510159,0.178233282,0.233474767,0.272236923,0.31605502810160,0.182960042,0.289809234,0.256811438,0.27041928510161,0.03827257,0.059256661,0.619525538,0.28294523110162,0.268164172,0.38135032,0.063380312,0.28710519610163,0.061596611,0.072978,0.293144374,0.57228101510164,0.242904462,0.24992307,0.284234638,0.2229378310165,0.356097128,0.078554538,0.11413374,0.45121459410166,0.06922522,0.382865498,0.375551123,0.17235815910167,0.049597859,0.147233623,0.317405847,0.48576267110168,0.173475364,0.674173058,0.019681429,0.13267014910169,0.212027588,0.121091277,0.33659373,0.33028740610170,0.539478578,0.116576315,0.047321169,0.29662393810171,0.071852468,0.471896993,0.230733177,0.22551736310172,0.308452902,0.102200096,0.193154178,0.39619282410173,0.430269705,0.379777159,0.021055083,0.16889805310174,0.398117236,0.400654497,0.036707655,0.16452061210175,0.156668893,0.111521469,0.511757664,0.22005197410176,0.287535157,0.199666205,0.176832998,0.3359656410177,0.077193596,0.737316335,0.036510787,0.14897928210178,0.136334775,0.542588603,0.157878747,0.16319787510179,0.297590671,0.11449119,0.230984546,0.35693359310180,0.189974554,0.171456481,0.140127232,0.49844173310181,0.0330963,0.833261556,0.036881183,0.09676096110182,0.296415113,0.117470134,0.122029173,0.46408558110183,0.143196517,0.395636104,0.077799457,0.38336792210184,0.37189095,0.385648659,0.029740434,0.21271995710185,0.514365574,0.309792794,0.096294682,0.07954694910186,0.066426316,0.685624366,0.172522625,0.07542669310187,0.320307289,0.06390624,0.49321107,0.12257540210188,0.127397784,0.652397178,0.095980832,0.12422420610189,0.054620923,0.127388837,0.712321132,0.10566910810190,0.733606168,0.082429106,0.073336839,0.11062788810191,0.270411976,0.482098022,0.133290011,0.11419999110192,0.567294471,0.296266863,0.036948055,0.09949061110193,0.216709652,0.427500429,0.189900085,0.16588983310194,0.238257781,0.195337429,0.437360564,0.12904422710195,0.076957267,0.504893563,0.327639841,0.09050932910196,0.62226155,0.061699731,0.226970693,0.08906802510197,0.631754983,0.095094368,0.151179437,0.12197121210198,0.041221474,0.796171059,0.093482887,0.0691245810199,0.235555431,0.146151859,0.415140186,0.20315252310200,0.230798447,0.08547443,0.551119005,0.13260811810201,0.494640402,0.229330578,0.115133512,0.16089550810202,0.445209745,0.23591026,0.17404407,0.14483592510203,0.24253165,0.294469377,0.127183101,0.33581587110204,0.073798652,0.292294235,0.335021958,0.29888515410205,0.449399454,0.219187086,0.067147493,0.26426596610206,0.10841383,0.357176946,0.047020176,0.48738904710207,0.360248682,0.157003429,0.234564273,0.24818361610208,0.079262041,0.12967864,0.118298129,0.6727611910209,0.138140288,0.141788302,0.12763193,0.59243948110210,0.137199342,0.520584769,0.043143418,0.29907247110211,0.040106117,0.309491479,0.437453579,0.21294882510212,0.04383312,0.051610464,0.551328026,0.3532283910213,0.32623406,0.257276291,0.038544881,0.37794476810214,0.194261617,0.086325404,0.304589851,0.41482312810215,0.259666678,0.251896154,0.274895092,0.21354207510216,0.347969612,0.060049135,0.373867342,0.21811391110217,0.093562314,0.330537993,0.307148977,0.26875071610218,0.171029079,0.183361928,0.047904579,0.59770441410219,0.103937284,0.196124156,0.290578773,0.40935978810220,0.062436609,0.285510212,0.286917172,0.36513600710221,0.226809966,0.07056052,0.141503509,0.56112600510222,0.363734885,0.079121523,0.335537088,0.22160650310223,0.194778696,0.612900861,0.108485607,0.08383483610224,0.10120604,0.205360809,0.53969851,0.15373464110225,0.096882925,0.373646165,0.369028296,0.16044261410226,0.419393128,0.335068372,0.113437491,0.13210100910227,0.209001797,0.354754049,0.302452309,0.13379184610228,0.160753095,0.314066632,0.385736533,0.1394437410229,0.449566573,0.077815591,0.385722662,0.08689517410230,0.360965679,0.134673398,0.295214453,0.2091464710231,0.222299141,0.075208649,0.566749238,0.13574297310232,0.461044451,0.105026936,0.231448583,0.20248002910233,0.097126661,0.536192992,0.280622146,0.08605820210234,0.364652342,0.548420991,0.02714845,0.05977821710235,0.60252379,0.097222537,0.140417035,0.15983663810236,0.143540021,0.298809062,0.291656897,0.2659940210237,0.113938293,0.595430036,0.141635429,0.14899624210238,0.47418883,0.236525597,0.146964761,0.14232081210239,0.481579924,0.084125982,0.362167489,0.07212660410240,0.054932658,0.63150601,0.262636145,0.05092518710241,0.138472398,0.092622385,0.637462017,0.13144319910242,0.40957013,0.128404485,0.130598424,0.3314269610243,0.064380972,0.522709434,0.32073111,0.09217848510244,0.170600016,0.34472436,0.124373092,0.36030253210245,0.227981735,0.502657879,0.14895603,0.12040435610246,0.05052442,0.551952315,0.278645746,0.11887751810247,0.282748388,0.106910502,0.430258883,0.18008222610248,0.119279916,0.221721614,0.469814744,0.18918372610249,0.623509211,0.123272077,0.125561369,0.12765734310250,0.456330706,0.30247104,0.130481123,0.11071713110251,0.472228656,0.346287187,0.078648918,0.10283523910252,0.24910782,0.308383744,0.134613285,0.30789515110253,0.220866164,0.522290086,0.084052373,0.17279137610254,0.26325114,0.139521962,0.328301442,0.26892545610255,0.180025066,0.560933061,0.058782581,0.20025929310256,0.12076321