No,Ch1,Ch2,Ch3,Ch49501,0.175549416,0.072058074,0.256622251,0.4957702599502,0.375300812,0.025999951,0.021606359,0.5770928789503,0.020862558,0.352488948,0.248832125,0.3778163699504,0.267032307,0.21995258,0.228301596,0.2847135169505,0.052762224,0.325953828,0.128981786,0.4923021619506,0.320700007,0.231022261,0.030835455,0.4174422779507,0.466593706,0.052936116,0.05676595,0.4237042289508,0.027759785,0.243301509,0.020714962,0.7082237449509,0.313256939,0.347887139,0.021441079,0.3174148439510,0.160792693,0.176334443,0.037749009,0.6251238569511,0.413703848,0.047411292,0.173587011,0.365297859512,0.054036362,0.178781318,0.106852717,0.6603296039513,0.150731344,0.086142589,0.156605903,0.6065201649514,0.04782885,0.186435267,0.111861896,0.6538739879515,0.165858033,0.308537545,0.015119352,0.510485079516,0.044125792,0.400321973,0.024566358,0.5309858779517,0.163183387,0.100187256,0.033531478,0.7030978799518,0.084713123,0.019611821,0.387410293,0.5082647639519,0.065908765,0.150846073,0.412482714,0.3707624489520,0.045573498,0.198784858,0.18017316,0.5754684849521,0.28898397,0.085910233,0.036375462,0.5887303359522,0.201951818,0.212974437,0.020558431,0.5645153149523,0.051127028,0.399752496,0.026251636,0.5228688419524,0.089617105,0.162615792,0.067557602,0.6802095019525,0.144024237,0.213277597,0.275954268,0.3667438979526,0.044168301,0.078735332,0.037557685,0.8395386819527,0.063465472,0.263207527,0.301581224,0.3717457769528,0.054127064,0.241380543,0.06543975,0.6390526439529,0.130469584,0.174117312,0.351376636,0.3440364699530,0.068597169,0.046624964,0.069902613,0.8148752549531,0.09709871,0.127882625,0.105299873,0.6697187929532,0.088870152,0.041072379,0.23033042,0.6397270499533,0.21817277,0.175028115,0.039840657,0.5669584589534,0.434490711,0.024305311,0.021427848,0.5197761319535,0.139295932,0.203246245,0.03412798,0.6233298439536,0.486672995,0.043824881,0.031182358,0.4383197669537,0.070628763,0.242219544,0.171655689,0.5154960049538,0.130645794,0.02842605,0.056327045,0.7846011119539,0.255244272,0.236301768,0.278093442,0.2303605189540,0.21584504,0.22154,0.342438756,0.2201762059541,0.289801707,0.272205078,0.22127708,0.2167161359542,0.332244225,0.257832631,0.196339728,0.2135834169543,0.219400463,0.245546308,0.32200686,0.2130463689544,0.242581793,0.231024334,0.275060308,0.2513335659545,0.277735149,0.238889805,0.231319976,0.252055079546,0.272546533,0.248348402,0.255765432,0.2233396339547,0.276625277,0.247680392,0.259784659,0.2159096729548,0.256850257,0.289973115,0.202730328,0.2504463019549,0.267442435,0.306504566,0.235741274,0.1903117259550,0.258733605,0.231494547,0.269230898,0.240540959551,0.262455665,0.231044855,0.24657489,0.2599245899552,0.249889782,0.249225776,0.278996209,0.2218882349553,0.252745298,0.279233364,0.213636467,0.2543848719554,0.30399062,0.2152544,0.250816683,0.2299382979555,0.244749084,0.281990018,0.231340445,0.2419204539556,0.276300844,0.254604582,0.219109022,0.2499855519557,0.268520029,0.2626293,0.217994162,0.2508565099558,0.249591896,0.244623602,0.288278623,0.217505889559,0.25522078,0.250125954,0.262578393,0.2320748749560,0.286473342,0.212509211,0.273312942,0.2277045069561,0.234472732,0.263533586,0.246061618,0.2559320649562,0.291901023,0.297460704,0.199754945,0.2108833279563,0.240184747,0.233921725,0.2797219,0.2461716289564,0.222230973,0.218743633,0.28687768,0.2721477149565,0.262493121,0.269556552,0.281892189,0.1860581389566,0.243622296,0.29584106,0.261303714,0.199232939567,0.257798953,0.279762153,0.280849826,0.1815890689568,0.248559771,0.288717769,0.281010641,0.1817118199569,0.265053663,0.249594944,0.217079947,0.2682714459570,0.232870159,0.289390383,0.215981036,0.2617584229571,0.222311012,0.253849358,0.296383896,0.2274557349572,0.223665194,0.2633967,0.295589786,0.2173483199573,0.277705057,0.239401573,0.283417428,0.1994759439574,0.217455619,0.300662065,0.235128977,0.2467533399575,0.250633805,0.307655906,0.208523066,0.2331872229576,0.232697383,0.2667234,0.269982685,0.2305965329577,0.187859092,0.292160485,0.286183822,0.2337966029578,0.233192317,0.306985802,0.234763643,0.2250582379579,0.185305393,0.346165623,0.253997601,0.2145313839580,0.203629968,0.233588057,0.293431411,0.2693505649581,0.236103604,0.209435439,0.345388412,0.2090725459582,0.294002944,0.213981785,0.207580863,0.2844344099583,0.268518549,0.237249209,0.215265521,0.278966729584,0.232470581,0.280292173,0.261680817,0.2255564299585,0.310031736,0.2042813,0.215089771,0.2705971939586,0.222266381,0.245237641,0.266903631,0.2655923479587,0.219322144,0.213028397,0.328642592,0.2390068679588,0.334696278,0.195612216,0.230312528,0.2393789779589,0.275658814,0.257779408,0.21081664,0.2557451389590,0.287291247,0.241103367,0.267021718,0.2045836689591,0.271654638,0.261961683,0.219913428,0.2464702519592,0.252134953,0.205775686,0.282209256,0.2598801049593,0.275451923,0.274367212,0.249056076,0.2011247899594,0.212246002,0.253611808,0.295016783,0.2391254069595,0.253232415,0.251133328,0.281250282,0.2143839759596,0.16284019,0.240066944,0.346165877,0.2509269889597,0.205172813,0.322938613,0.188960028,0.2829285469598,0.244476368,0.251347447,0.28431396,0.2198622259599,0.207989236,0.276691601,0.203906754,0.3114124099600,0.245591973,0.297619418,0.23296594,0.2238226689601,0.313198684,0.193882113,0.228793959,0.2641252449602,0.245898767,0.226131376,0.258763131,0.2692067269603,0.188084018,0.281985977,0.206522671,0.3234073349604,0.199359088,0.266769166,0.219687843,0.3141839039605,0.172065628,0.360774906,0.208404583,0.2587548839606,0.208180804,0.318143879,0.213188827,0.260486499607,0.239627871,0.30179469,0.198536758,0.2600406819608,0.172667594,0.37077726,0.182613613,0.2739415339609,0.290854113,0.233565715,0.204018692,0.271561489610,0.297722537,0.240892578,0.178894076,0.2824908099611,0.232649584,0.203806793,0.294479291,0.2690643319612,0.277600404,0.232005649,0.179457643,0.3109363049613,0.266384117,0.197613969,0.285157233,0.250844689614,0.286662809,0.198472342,0.207760419,0.307104439615,0.240944468,0.328964917,0.147713463,0.2823771529616,0.319394406,0.144453803,0.233862956,0.3022888359617,0.271880342,0.204100428,0.215163868,0.3088553639618,0.199945314,0.272690548,0.250788901,0.2765752369619,0.205440986,0.210429954,0.198281972,0.3858470889620,0.272446346,0.23860524,0.157184514,0.33176399621,0.291629218,0.277442238,0.187288605,0.2436399389622,0.225743388,0.191725182,0.234236479,0.3482949529623,0.147212832,0.335494733,0.243649578,0.2736428579624,0.290007863,0.147611621,0.247834731,0.3145457859625,0.218828634,0.298393462,0.194664571,0.2881133339626,0.310166783,0.238638279,0.194213518,0.256981429627,0.245493605,0.305883018,0.225791861,0.2228315169628,0.302775178,0.164105684,0.186219222,0.3468999179629,0.299172509,0.138530422,0.308511069,0.2537869630,0.223846385,0.319098194,0.247380919,0.2096745029631,0.200739327,0.29937765,0.215388873,0.284494159632,0.187106416,0.166886769,0.358603894,0.2874029219633,0.245497047,0.237183048,0.251085322,0.2662345829634,0.235338378,0.28348951,0.20132326,0.2798488539635,0.191620542,0.207106521,0.279088371,0.3221845669636,0.235869343,0.336875412,0.186433384,0.2408218619637,0.177851236,0.238290768,0.304766492,0.2790915059638,0.280129838,0.225878013,0.227727489,0.2662646619639,0.346680445,0.193234227,0.232107957,0.2279773719640,0.25016389,0.292013411,0.25134061,0.2064820899641,0.243507935,0.182616018,0.311551775,0.2623242719642,0.268552856,0.309772463,0.153139206,0.2685354759643,0.193225798,0.224737458,0.243631378,0.3384053679644,0.265600841,0.220126211,0.205930286,0.3083426629645,0.213510121,0.223521383,0.268511197,0.2944572999646,0.307545192,0.187392904,0.222596119,0.2824657859647,0.20520102,0.214709051,0.346096289,0.233993649648,0.246478044,0.179247975,0.27054192,0.303732069649,0.170129897,0.342792636,0.209885746,0.2771917219650,0.230458943,0.161661166,0.342915368,0.2649645239651,0.228072901,0.163061184,0.279090985,0.329774939652,0.243020748,0.185331436,0.258368731,0.3132790869653,0.284430444,0.20366406,0.266312995,0.2455925019654,0.200157608,0.19043058,0.312020343,0.2973914699655,0.22994879,0.209099312,0.248811149,0.3121407499656,0.236530951,0.200151161,0.316101104,0.2472167859657,0.222292293,0.173723885,0.280502116,0.3234817069658,0.215133964,0.251158789,0.320621626,0.2130856219659,0.171155104,0.328043336,0.210687128,0.2901144339660,0.218018235,0.265710388,0.210961217,0.305310169661,0.199526651,0.158205331,0.33025642,0.3120115999662,0.234775444,0.311439492,0.195987546,0.2577975179663,0.272562504,0.284830089,0.185260906,0.2573465019664,0.178725868,0.252891419,0.305789658,0.2625930559665,0.179048232,0.324902972,0.24670969,0.2493391069666,0.198088489,0.315740422,0.202696261,0.2834748289667,0.208063106,0.229610567,0.258970388,0.3033559399668,0.197096178,0.261710967,0.28973479,0.2514580649669,0.293648025,0.266180399,0.177873356,0.2622982219670,0.163723747,0.299122451,0.263607263,0.273546549671,0.316409231,0.214873432,0.244269834,0.2244475029672,0.230341315,0.253441611,0.21369641,0.3025206649673,0.255513738,0.145975855,0.311656806,0.2868536019674,0.185135338,0.198338178,0.287157133,0.329369359675,0.335796958,0.141840173,0.224571275,0.2977915949676,0.153444247,0.315025004,0.177583999,0.3539467519677,0.225083171,0.215653415,0.288428669,0.2708347459678,0.154721532,0.24997808,0.222936226,0.3723641619679,0.157081097,0.1347616,0.300624223,0.407533089680,0.21779085,0.281686046,0.161572183,0.3389509219681,0.298180459,0.317766517,0.164978395,0.2190746299682,0.220458945,0.237852862,0.245748906,0.2959392869683,0.19547763,0.353157402,0.118031002,0.3333339669684,0.333728768,0.247235462,0.17099463,0.2480411399685,0.19950673,0.277930893,0.158101179,0.3644611989686,0.109923089,0.340200892,0.30047777,0.2493982499687,0.172047114,0.257063802,0.216062248,0.3548268369688,0.197789348,0.273052637,0.160316826,0.368841199689,0.241018776,0.309142657,0.184572702,0.2652658659690,0.287547342,0.16416239,0.27036512,0.2779251499691,0.197111489,0.335547457,0.148246538,0.3190945169692,0.155613092,0.153478535,0.186923146,0.5039852289693,0.301581033,0.145965041,0.328325499,0.2241284289694,0.128169192,0.242805024,0.194395304,0.434630489695,0.26225266,0.181456864,0.290974103,0.2653163739696,0.240784071,0.199386575,0.133011079,0.4268182759697,0.221528567,0.348395788,0.132432944,0.2976427019698,0.182194421,0.192031998,0.349207868,0.2765657139699,0.252599387,0.120831887,0.194188235,0.4323804919700,0.150127653,0.299624596,0.163931388,0.3863163639701,0.386804808,0.206413589,0.097277741,0.3095038619702,0.116382223,0.237073727,0.195910369,0.4506336819703,0.347705877,0.097511875,0.217784827,0.3369974219704,0.265937633,0.152732509,0.146772721,0.4345571379705,0.169324287,0.228962842,0.277311001,0.324401879706,0.141468734,0.364129609,0.145997793,0.3484038639707,0.432740893,0.179014234,0.116486496,0.2717583789708,0.139681266,0.160693117,0.220195038,0.4794305799709,0.270418224,0.306594637,0.13864411,0.2843430299710,0.23509475,0.211395509,0.212560955,0.3409487879711,0.251199444,0.229862492,0.228066265,0.2908717999712,0.275384003,0.226307487,0.242384454,0.2559240569713,0.213842649,0.287417696,0.222841938,0.2758977179714,0.16712787,0.172437973,0.33595427,0.3244798889715,0.145512193,0.294182746,0.253457372,0.3068476899716,0.274497464,0.145388361,0.323165847,0.2569483289717,0.240039277,0.215266609,0.296733604,0.247960519718,0.139520833,0.233541957,0.354788613,0.2721485979719,0.251142414,0.217919181,0.244394569,0.2865438359720,0.2270336,0.145484325,0.339152609,0.2883294669721,0.279944979,0.163921103,0.224547051,0.3315868679722,0.310091345,0.205861485,0.209727751,0.274319429723,0.172765478,0.296260236,0.204210155,0.3267641319724,0.212310053,0.200953987,0.318723313,0.2680126469725,0.273920363,0.166963385,0.26909623,0.2900200219726,0.213511916,0.216558192,0.199208892,0.3707219727,0.156547236,0.257635356,0.335327549,0.2504898599728,0.175093763,0.301646393,0.238159127,0.2851007179729,0.057468226,0.040607351,0.311263614,0.5906608089730,0.127824592,0.029323133,0.052002704,0.7908495719731,0.022396733,0.180982479,0.23042284,0.5661979489732,0.064353686,0.129864075,0.050685005,0.7550972349733,0.120121895,0.083385565,0.035069731,0.7614228099734,0.089353824,0.064000596,0.058381398,0.7882641829735,0.212655586,0.220354809,0.029263911,0.5377256939736,0.02953204,0.262308034,0.103890556,0.6042693699737,0.024186597,0.155628765,0.338601857,0.481582789738,0.033863422,0.029610279,0.223366121,0.7131601789739,0.052416926,0.066202095,0.298703278,0.5826777019740,0.295401603,0.017265414,0.271434313,0.4158986699741,0.097189706,0.329019537,0.055115256,0.5186755019742,0.022208747,0.347321339,0.05693545,0.5735344649743,0.015995663,0.261963646,0.326012964,0.3960277279744,0.156750358,0.321341642,0.229865998,0.2920420029745,0.151560589,0.098305743,0.241449382,0.5086842869746,0.025651651,0.227146715,0.300410672,0.4467909629747,0.161534257,0.027102775,0.10153236,0.7098306089748,0.25714423,0.254389642,0.233477831,0.2549882979749,0.257214032,0.248296957,0.269034751,0.225454269750,0.289216635,0.290544896,0.230608946,0.1896295239751,0.246262621,0.278864351,0.241739147,0.2331338819752,0.280939751,0.21452457,0.26608656,0.2384491199753,0.253143642,0.247482808,0.263396543,0.2359770079754,0.257600622,0.276947255,0.233759995,0.2316921289755,0.267169922,0.2805149,0.265339821,0.1869753579756,0.259169711,0.267260553,0.2503801,0.2231896369757,0.273046814,0.253774504,0.242442171,0.2307365129758,0.281542771,0.242735216,0.261382971,0.2143390429759,0.234685441,0.271256454,0.239339365,0.2547187419760,0.211211095,0.285966489,0.291419117,0.2114032999761,0.233926443,0.29404891,0.261386578,0.2106380699762,0.25140691,0.227851789,0.251876989,0.2688643129763,0.271823987,0.209907536,0.311077535,0.2071909429764,0.279678234,0.240594928,0.214903517,0.2648233219765,0.270616417,0.302789941,0.221429944,0.2051636979766,0.254081258,0.245157957,0.240614008,0.2601467779767,0.245928894,0.275888476,0.22261307,0.255569569768,0.308958839,0.256876976,0.212151362,0.2220128239769,0.261985526,0.28409492,0.219942671,0.2339768849770,0.299504928,0.310075712,0.170571339,0.2198480229771,0.280998718,0.258009683,0.250216034,0.2107755659772,0.251333413,0.283811694,0.199335856,0.2655190379773,0.212173787,0.22448292,0.315327115,0.2480161789774,0.26476981,0.275297226,0.225804243,0.2341287219775,0.259579214,0.240820837,0.294446722,0.2051532289776,0.249951721,0.258393196,0.230769401,0.2608856829777,0.224929907,0.312854571,0.237939476,0.2242760469778,0.309928082,0.21825035,0.235975818,0.235845759779,0.282368955,0.237553124,0.228786385,0.2512915369780,0.234056729,0.323976483,0.195590048,0.2463767399781,0.222765783,0.2436354,0.296805816,0.2367930029782,0.244461002,0.218549256,0.302445338,0.2345444059783,0.263848754,0.210569132,0.271448577,0.2541335379784,0.210095675,0.311850852,0.226144348,0.2519091259785,0.242407306,0.323443892,0.186244785,0.2479040189786,0.268566976,0.23915456,0.181351667,0.3109267979787,0.243466626,0.154300672,0.231271427,0.3709612759788,0.121062329,0.250984186,0.280882542,0.3470709429789,0.220080622,0.304814186,0.185877928,0.2892272649790,0.318988909,0.240872773,0.216824051,0.2233142679791,0.122128251,0.206600872,0.40165048,0.2696203979792,0.19038159,0.256455302,0.19901683,0.3541462789793,0.312126851,0.156156718,0.228155618,0.3035608149794,0.1612831,0.205901079,0.274009239,0.3588065839795,0.308951678,0.199734425,0.201092451,0.2902214469796,0.170577997,0.18956666,0.351917668,0.2879376759797,0.16442545,0.246602286,0.295981747,0.2929905179798,0.199729267,0.312224521,0.224697064,0.2633491489799,0.175028686,0.316495824,0.184299022,0.3241764689800,0.230546197,0.21314298,0.176124363,0.380186469801,0.199032106,0.178818883,0.293099646,0.3290493649802,0.265815833,0.254661276,0.252210846,0.2273120459803,0.191607574,0.15644683,0.298054494,0.3538911019804,0.252979989,0.112208689,0.338849968,0.2959613539805,0.254573441,0.228725227,0.281099147,0.2356021859806,0.328178833,0.105349127,0.145327577,0.4211444629807,0.141926668,0.263964464,0.289130253,0.3049786149808,0.143552077,0.282115126,0.276455725,0.2978770729809,0.171802765,0.186958463,0.344067587,0.2971711859810,0.305993852,0.183704021,0.167996408,0.3423057199811,0.231499573,0.345044297,0.108676082,0.3147800499812,0.281342909,0.319438972,0.122839564,0.2763785559813,0.367810868,0.151140817,0.24859697,0.2324513449814,0.32937753,0.316096119,0.101823801,0.252702559815,0.194231939,0.153053447,0.259779088,0.3929355269816,0.241262234,0.330998137,0.10217965,0.3255599799817,0.199187812,0.137256995,0.209893699,0.4536614949818,0.126106323,0.324059502,0.263591602,0.2862425729819,0.118793496,0.253971513,0.26756895,0.3596660419820,0.192905381,0.120112922,0.274166194,0.4128155049821,0.370728602,0.118598499,0.194578018,0.3160948819822,0.254509722,0.113526735,0.157676234,0.4742873089823,0.137156201,0.343422645,0.176157278,0.3432638769824,0.191326109,0.262213281,0.262471734,0.2839888769825,0.211263128,0.20599658,0.309422151,0.273318149826,0.286183013,0.223670481,0.231364668,0.2587818389827,0.314576478,0.280684164,0.167633481,0.2371058779828,0.208442521,0.285485897,0.240949529,0.2651220539829,0.28756228,0.207062812,0.300876925,0.2044979839830,0.22099777,0.238249265,0.304938009,0.2358149569831,0.273111056,0.194836365,0.2612211,0.2708314799832,0.240304877,0.344306268,0.18868612,0.2267027359833,0.207596949,0.354840647,0.17776849,0.2597939159834,0.211834578,0.206909095,0.293957308,0.2872990199835,0.302745817,0.202761791,0.194725754,0.2997666389836,0.215561095,0.339701604,0.205580844,0.2391564569837,0.219913381,0.28480612,0.216224935,0.2790555649838,0.243359346,0.233740275,0.259586674,0.2633137059839,0.252100049,0.199532269,0.263861894,0.2845057899840,0.245387094,0.197146627,0.320271977,0.2371943029841,0.236532944,0.225520899,0.274499333,0.2634468249842,0.226621259,0.310618907,0.217281748,0.2454780869843,0.331406555,0.164896508,0.210739945,0.2929569919844,0.299373284,0.269117624,0.204021976,0.2274871169845,0.179597579,0.320117817,0.265619215,0.2346653889846,0.160434578,0.197675736,0.329670259,0.3122194279847,0.176363009,0.312815675,0.252294121,0.2585271959848,0.167868225,0.274729675,0.204439713,0.3529623879849,0.343243262,0.137793855,0.263433604,0.255529289850,0.311903947,0.205026902,0.190493089,0.2925760629851,0.269620305,0.244777607,0.197973538,0.2876285499852,0.153685267,0.318065304,0.213001407,0.3152480239853,0.249082384,0.215776811,0.21367681,0.3214639969854,0.248587012,0.242321655,0.280283708,0.2288076259855,0.227958863,0.329245702,0.155029769,0.2877656679856,0.314084832,0.187566901,0.17817214,0.3201761289857,0.329037425,0.193669083,0.184551218,0.2927422739858,0.254734696,0.129630239,0.334418448,0.2812166179859,0.190412466,0.163028919,0.345686361,0.3008722539860,0.176731683,0.211842599,0.324449941,0.2869757779861,0.229135829,0.322940211,0.203871881,0.2440520799862,0.281101065,0.227791814,0.05065196,0.440455169863,0.195010955,0.04235257,0.044193352,0.7184431239864,0.048089219,0.063080429,0.388408955,0.5004213979865,0.295740801,0.109282348,0.035492434,0.5594844169866,0.09131699,0.043338302,0.305639567,0.5597051419867,0.08114212,0.036797129,0.046223684,0.8358370679868,0.153058283,0.044567195,0.113191591,0.6891829329869,0.326689922,0.018763196,0.28552975,0.3690171329870,0.044357608,0.149337988,0.035102628,0.7712017779871,0.038954564,0.132056377,0.027818225,0.8011708349872,0.088279212,0.30583716,0.218586372,0.3872972569873,0.27351938,0.060206914,0.191934294,0.4743394129874,0.317607182,0.034199484,0.348886037,0.2993072969875,0.082229034,0.051492173,0.222219682,0.6440591119876,0.321226131,0.042812483,0.168074813,0.4678865739877,0.019548128,0.018197602,0.406658176,0.5555960959878,0.083228743,0.024921712,0.146343849,0.7455056979879,0.051083457,0.033970515,0.291006329,0.6239396999880,0.140076094,0.022683994,0.078533023,0.7587068899881,0.29514662,0.15873668,0.301013713,0.2451029879882,0.25521796,0.305088245,0.190036781,0.2496570159883,0.200410494,0.189743793,0.256793274,0.353052449884,0.260379101,0.274826511,0.156969982,0.3078244069885,0.140518717,0.189936435,0.390879693,0.2786651559886,0.246306274,0.26358824,0.230245503,0.2598599839887,0.218493782,0.222110126,0.289214315,0.2701817779888,0.278602968,0.287074207,0.156655969,0.2776668569889,0.271962558,0.262757016,0.215396448,0.2498839779890,0.31353673,0.181106206,0.204872928,0.3004841369891,0.245084642,0.286134363,0.250255851,0.2185251439892,0.286689268,0.156696627,0.321357098,0.2352570079893,0.145517926,0.188621704,0.371555291,0.2943050789894,0.305743965,0.182761749,0.237398439,0.2740958479895,0.208000329,0.234108007,0.205519071,0.3523725929896,0.215389248,0.266126483,0.184642408,0.3338418619897,0.285559779,0.310326122,0.189634299,0.21447989898,0.282937042,0.137159937,0.265657605,0.3142454169899,0.26318752,0.23673372,0.194712486,0.3053662749900,0.432771637,0.069973331,0.049648233,0.4476067989901,0.068709677,0.046075557,0.11897866,0.7662361069902,0.224932156,0.269984346,0.14312971,0.3619537889903,0.151216591,0.226371991,0.230390979,0.3920204399904,0.017358589,0.024256486,0.484500038,0.4738848879905,0.409547901,0.040459644,0.02625229,0.5237401659906,0.023694341,0.022556094,0.341266467,0.6124830989907,0.201954877,0.024218906,0.062396317,0.71142999908,0.060364745,0.142936079,0.268767741,0.5279314359909,0.066460229,0.417179725,0.027839199,0.4885208479910,0.342566733,0.076016701,0.031143341,0.5502732259911,0.174273346,0.217069312,0.309522123,0.2991352199912,0.273351761,0.02822596,0.180125718,0.5182965619913,0.425998199,0.195895763,0.019199559,0.3589064799914,0.230463978,0.049695395,0.096298072,0.6235425549915,0.143662464,0.037092448,0.38547072,0.4337743689916,0.322586171,0.024752507,0.293876746,0.3587845769917,0.028480397,0.414960615,0.091447724,0.4651112639918,0.250638248,0.132430531,0.019714428,0.5972167939919,0.264266391,0.255323044,0.256700912,0.2237096529920,0.215766183,0.230010006,0.147676874,0.4065469379921,0.202448523,0.246108166,0.141667405,0.4097759069922,0.188690924,0.294404713,0.156745991,0.3601583729923,0.196483129,0.3808126,0.149814771,0.27288959924,0.129235498,0.161336272,0.366665321,0.3427629099925,0.179331613,0.264160931,0.314124742,0.2423827139926,0.295373223,0.280703314,0.168960878,0.2549625859927,0.353661835,0.159315943,0.164944427,0.3220777959928,0.194990174,0.155001556,0.217569046,0.4324392259929,0.23469874,0.327894425,0.116252789,0.3211540469930,0.173109734,0.196777519,0.320035975,0.3100767719931,0.166208117,0.324067276,0.184128728,0.3255958799932,0.320532449,0.132191619,0.280088231,0.2671877019933,0.226415614,0.178714724,0.265547734,0.3293219289934,0.322808968,0.236662391,0.15540573,0.2851229119935,0.237706462,0.265091514,0.174095225,0.3231067999936,0.306744448,0.165515174,0.179597203,0.3481431759937,0.235193975,0.326268433,0.160802644,0.2777349479938,0.296003541,0.274297948,0.204235959,0.2254625529939,0.20890852,0.303938981,0.239107269,0.248045239940,0.217035433,0.209010864,0.232967905,0.3409857989941,0.241895544,0.317049542,0.204750249,0.2363046659942,0.302851702,0.245461768,0.215504595,0.2361819359943,0.296338124,0.204307939,0.203257117,0.296096829944,0.211115861,0.313460003,0.234544886,0.2408792519945,0.234507581,0.2066065,0.289917944,0.2689679759946,0.225855002,0.307273132,0.261956535,0.2049153319947,0.25194208,0.255234479,0.259408082,0.233415369948,0.213793631,0.226659076,0.324484635,0.2350626589949,0.273286754,0.266452099,0.195080827,0.2651803199950,0.24103222,0.27951107,0.207734798,0.2717219129951,0.32834345,0.289018044,0.15702357,0.2256149369952,0.26371676,0.255843121,0.200383087,0.2800570319953,0.329226087,0.186352812,0.248770319,0.2356507839954,0.212788292,0.250093044,0.24260141,0.2945172549955,0.235253465,0.247265986,0.200833383,0.3166471669956,0.295567609,0.229785898,0.226440759,0.2482057349957,0.329000774,0.199983651,0.196527228,0.2744883489958,0.315173598,0.228715805,0.21791486,0.2381957369959,0.271798564,0.259312212,0.241450801,0.2274384229960,0.223265539,0.29689989,0.201011034,0.2788235379961,0.22965297,0.27336944,0.272264001,0.2247135899962,0.263238327,0.254285174,0.218829775,0.2636467259963,0.223942653,0.333973546,0.220056811,0.2220269919964,0.221097613,0.203228155,0.240781997,0.3348922359965,0.334775917,0.208279548,0.180988957,0.2759555799966,0.25064854,0.218654907,0.251881134,0.2788154199967,0.241716458,0.239746358,0.25704108,0.2614961049968,0.232469551,0.190766466,0.307378749,0.2693852339969,0.350487165,0.187884424,0.207606086,0.2540223259970,0.287882329,0.21470701,0.24948332,0.2479273429971,0.246585185,0.330654131,0.205078273,0.217682419972,0.25375872,0.288815937,0.218408896,0.2390164479973,0.210053729,0.237325381,0.217236961,0.3353839299974,0.229126004,0.264195699,0.234025215,0.2726530829975,0.24047267,0.174863354,0.355855796,0.228808189976,0.27148744,0.293399163,0.180379645,0.2547337529977,0.262827793,0.194219685,0.261086797,0.2818657259978,0.318159532,0.189586462,0.226518333,0.2657356749979,0.296284686,0.247986627,0.194311126,0.2614175619980,0.255195949,0.192686642,0.209747781,0.3423696289981,0.266836921,0.22685239,0.227563253,0.2787474369982,0.286896965,0.237135573,0.243543157,0.2324243059983,0.202572454,0.193450647,0.237780965,0.3661959349984,0.208778491,0.221444159,0.30452495,0.26525249985,0.182683226,0.276414511,0.220170914,0.3207313499986,0.206979442,0.296503919,0.214657395,0.2818592449987,0.134947683,0.203479646,0.361968798,0.2996038739988,0.169174719,0.258420048,0.274098452,0.2983067819989,0.189870685,0.284395584,0.262534311,0.263199429990,0.211732672,0.219324907,0.206901686,0.3620407359991,0.287932738,0.189615629,0.265348999,0.2571026349992,0.257730565,0.161046629,0.266213251,0.3150095559993,0.282851774,0.252961518,0.176649661,0.2875370469994,0.232238072,0.172503492,0.278870713,0.3163877249995,0.251413228,0.256990734,0.253412135,0.2381839029996,0.201651558,0.278677169,0.281059437,0.2386118369997,0.26246242,0.256222912,0.24585884,0.2354558289998,0.246487795,0.256596184,0.271157746,0.2257582759999,0.252006402,0.306626125,0.20660201,0.23476546410000,0.335955277,0.244667707,0.216392242,0.20298477410001,0.236017742,0.246067299,0.255926606,0.26198835310002,0.250327982,0.237074944,0.24287792,0.26971915410003,0.321143947,0.297785266,0.189248035,0.19182275310004,0.247750357,0.271332513,0.253615921,0.2273012110005,0.28983563,0.227636092,0.263601099,0.21892717910006,0.281022166,0.214047305,0.28731273,0.217617810007,0.246988099,0.28502215,0.227876432,0.24011331910008,0.227952793,0.254316159,0.305169672,0.21256137610009,0.293857596,0.283092821,0.236165014,0.1868845710010,0.270341899,0.227145869,0.273814468,0.22869776310011,0.250685529,0.28706136,0.237599061,0.2246540510012,0.283937492,0.273268945,0.200131806,0.24266175610013,0.271131278,0.27124834,0.256161325,0.20145905710014,0.353412438,0.208505297,0.032289621,0.40579264410015,0.091544063,0.268518789,0.330475008,0.30946213910016,0.029515143,0.307191232,0.040895609,0.62239801610017,0.028628577,0.178348045,0.050071615,0.74295176410018,0.312151079,0.068011661,0.145658899,0.47417836110019,0.164010987,0.071406817,0.14457943,0.62000276710020,0.194315738,0.371184797,0.029916291,0.40458317410021,0.296871619,0.122368334,0.018967961,0.56179208510022,0.125302122,0.121185988,0.253908425,0.49960346610023,0.049948398,0.347739934,0.032948333,0.56936333610024,0.051854571,0.413442766,0.09328111,0.44142155410025,0.0605476,0.207126402,0.048642024,0.68368397510026,0.191016674,0.090879863,0.135952845,0.58215061810027,0.39092145,0.228122648,0.055337497,0.32561840510028,0.028229874,0.365982622,0.038499405,0.56728809910029,0.030155522,0.247561273,0.021808294,0.70047491110030,0.033812387,0.272713424,0.147299739,0.5461744510031,0.071297514,0.486083373,0.021073959,0.42154515410032,0.134214735,0.151554041,0.363340387,0.35089083710033,0.290654487,0.123683094,0.299458608,0.28620381110034,0.156451843,0.255982008,0.290515055,0.29705109510035,0.190146229,0.252292772,0.153471554,0.40408944410036,0.281952723,0.208761619,0.238113382,0.27117227610037,0.266865905,0.251301407,0.185486846,0.29634584210038,0.157089982,0.197472715,0.18046623,0.46497107210039,0.145921722,0.334921549,0.215109746,0.30404698310040,0.206876475,0.221225609,0.25403389,0.31786402510041,0.153724423,0.344917688,0.204370229,0.2969876610042,0.240185125,0.109694685,0.367755568,0.28236462210043,0.285601969,0.208919726,0.153147851,0.35233045510044,0.257999635,0.197797113,0.2553987,0.28880455210045,0.306166443,0.314798898,0.158265005,0.22076965410046,0.125246281,0.217302687,0.373796665,0.28365436610047,0.132221428,0.133715131,0.319145617,0.41491782510048,0.203495135,0.32937908,0.189613776,0.27751200810049,0.355955468,0.20528037,0.135434914,0.30332924810050,0.18956989,0.290724527,0.196812659,0.32289292410051,0.181972554,0.310131948,0.223762772,0.28413272610052,0.162525091,0.31314446,0.019634273,0.50469617610053,0.035294675,0.085569747,0.372039888,0.50709569110054,0.018690799,0.034858666,0.414883808,0.53156672710055,0.084630516,0.092415023,0.046862563,0.77609189910056,0.034481486,0.17176049,0.1721218,0.62163622510057,0.028421757,0.128037066,0.114164164,0.72937701310058,0.106986024,0.033591639,0.335793274,0.52362906310059,0.021095005,0.319592957,0.179103229,0.48020880810060,0.250533461,0.121579363,0.261928306,0.3659588710061,0.40872742,0.147298153,0.08662356,0.35735086810062,0.11244415,0.35595227,0.048542732,0.48306084810063,0.08061451,0.31806465,0.033639741,0.56768109910064,0.01466734,0.306941653,0.331025338,0.34736566910065,0.373793565,0.088282757,0.015762402,0.52216127610066,0.180332381,0.208184573,0.066993243,0.54448980310067,0.075111481,0.158479095,0.283699668,0.48270975610068,0.184910773,0.038346335,0.33724376,0.43949913210069,0.375267378,0.03103221,0.116040533,0.47765987910070,0.079596467,0.046066365,0.107753904,0.76658326410071,0.174649373,0.283114667,0.312258145,0.22997781510072,0.247263596,0.198731168,0.292900599,0.26110463810073,0.270208735,0.241858419,0.188824868,0.29910797710074,0.219009898,0.257509506,0.320282566,0.2031980310075,0.247484846,0.218757031,0.244326978,0.28943114510076,0.226414355,0.264082744,0.20395546,0.30554744110077,0.201618081,0.26359475,0.259038634,0.27574853510078,0.315086232,0.212024496,0.218368648,0.25452062510079,0.20883824,0.212267806,0.332360419,0.24653353410080,0.216080473,0.220250696,0.265655419,0.29801341210081,0.274136717,0.203105301,0.270359256,0.25239872610082,0.238367692,0.251363309,0.279035526,0.23123347210083,0.323255832,0.209422003,0.199720944,0.26760122110084,0.208758154,0.324521711,0.202377225,0.2643429110085,0.261189923,0.244993844,0.214487814,0.27932841910086,0.257438098,0.269130444,0.194960153,0.27847130510087,0.296318933,0.247813022,0.198018413,0.25784963310088,0.222571006,0.241272197,0.256338218,0.27981857910089,0.321955975,0.191591422,0.243836067,0.24261653610090,0.309110822,0.251955665,0.201500565,0.23743294810091,0.201758573,0.248704425,0.293697297,0.25583970510092,0.198933871,0.294080581,0.222231772,0.28475377610093,0.187742836,0.244492312,0.322129545,0.24563530710094,0.289725602,0.223699978,0.248370382,0.23820403710095,0.221418836,0.228019852,0.303120564,0.24744074810096,0.220736414,0.240092495,0.291660989,0.24751010210097,0.285677837,0.240487408,0.230970308,0.24286444610098,0.188735478,0.284470603,0.328352199,0.19844172110099,0.197394787,0.215089501,0.311530357,0.27598535410100,0.287829184,0.198325138,0.249915952,0.26392972610101,0.299125393,0.240377254,0.216336417,0.24416093610102,0.225756623,0.212546134,0.288104935,0.27359230810103,0.302774954,0.171087575,0.29490275,0.23123472210104,0.17953433,0.271849731,0.342723397,0.20589254210105,0.209621561,0.225460861,0.272959643,0.29195793510106,0.185316869,0.211859293,0.356344799,0.24647903910107,0.254425482,0.235094646,0.206505464,0.30397440810108,0.221706033,0.21866752,0.297802288,0.26182415810109,0.299871707,0.174803448,0.261531726,0.26379311810110,0.181452935,0.335949195,0.208619015,0.27397885410111,0.151213521,0.214746599,0.3474281,0.2866117810112,0.212808837,0.353941074,0.153008637,0.28024145210113,0.217186866,0.26726277,0.222389315,0.29316104810114,0.334133053,0.163015612,0.212897605,0.2899537310115,0.250340536,0.258277893,0.163909961,0.32747161110116,0.234200254,0.242236317,0.285184506,0.23837892310117,0.218503512,0.216620885,0.293820842,0.27105476110118,0.337937881,0.211600691,0.16840083,0.28206059710119,0.228069178,0.233313354,0.255432973,0.28318449510120,0.180599597,0.20225334,0.316769221,0.30037784110121,0.294476959,0.153857355,0.25777124,0.29389444510122,0.340318975,0.191223063,0.214701974,0.25375598910123,0.134858869,0.284276324,0.298729819,0.28213498910124,0.330931551,0.271191336,0.162219424,0.23565768910125,0.21273138,0.21938679,0.273222934,0.29465889610126,0.179385063,0.355295403,0.16465582,0.30066371410127,0.254960295,0.199485795,0.308040596,0.23751331410128,0.152858019,0.261063763,0.30605423,0.28002398710129,0.221802723,0.273351154,0.250231166,0.25461495610130,0.261799358,0.237311629,0.203263589,0.29762542410131,0.302283131,0.222173982,0.233843806,0.24169908110132,0.210632127,0.157151643,0.317708704,0.31450752610133,0.306358293,0.227761162,0.222019654,0.24386089110134,0.201828634,0.225463714,0.303948934,0.26875871710135,0.228103359,0.236758085,0.214740879,0.32039767710136,0.252190188,0.233014838,0.252846321,0.26194865310137,0.176280328,0.323734017,0.252752228,0.24723342710138,0.241884005,0.227454283,0.262214871,0.26844684210139,0.330988912,0.182495887,0.193429499,0.29308570110140,0.30311717,0.247271355,0.172061899,0.27754957510141,0.275916049,0.218805357,0.285949915,0.21932867910142,0.272030684,0.173775499,0.304290174,0.24990364310143,0.166309894,0.267042833,0.273784515,0.29286275810144,0.234492411,0.224696447,0.298448578,0.24236256410145,0.336096561,0.216583186,0.200921202,0.24639905110146,0.246031297,0.326481213,0.155279043,0.27220844610147,0.252888614,0.161141463,0.098372644,0.4875972810148,0.282039153,0.016040623,0.261965766,0.43995445810149,0.146757525,0.244971894,0.138816754,0.46945382710150,0.203826853,0.332377975,0.039838061,0.42395711110151,0.252927293,0.271588852,0.023231624,0.45225223110152,0.167688622,0.131000878,0.028856347,0.67245415410153,0.338208458,0.041863168,0.024060696,0.59586767810154,0.074962233,0.066623308,0.176446989,0.6819674710155,0.107780962,0.332710931,0.250284351,0.30922375610156,0.115821883,0.340142955,0.027577825,0.51645733710157,0.377264315,0.198179602,0.034160471,0.39039561110158,0.213736099,0.063389867,0.0270384,0.69583563310159,0.102904025,0.11360012,0.319467882,0.46402797310160,0.105856443,0.22813578,0.175478959,0.49052881910161,0.029262221,0.042406642,0.390560172,0.53777096610162,0.265741863,0.193702175,0.031429536,0.50912642610163,0.023124549,0.022501204,0.197227081,0.75714716610164,0.127232175,0.192570521,0.342681392,0.33751591110165,0.147593849,0.039701156,0.055391218,0.75731377710166,0.170944038,0.311380053,0.266031436,0.25164447310167,0.196206995,0.179834511,0.263932645,0.36002584910168,0.25487646,0.354062246,0.134469611,0.25659168310169,0.225391872,0.155878304,0.284151181,0.33457864210170,0.329955141,0.186996855,0.185375824,0.2976721810171,0.17108423,0.254019487,0.279517363,0.2953789210172,0.257255501,0.169307423,0.250470969,0.32296610710173,0.302601652,0.272810187,0.143343615,0.28124454610174,0.335288518,0.268716959,0.14860791,0.24738661210175,0.196542013,0.195504652,0.327699418,0.28025391810176,0.238994586,0.207868463,0.212772416,0.34036453510177,0.169915468,0.373682696,0.16145362,0.29494821510178,0.207149291,0.286994932,0.243604594,0.26225118210179,0.252687657,0.187644431,0.238379333,0.32128857810180,0.222334725,0.185674116,0.230369988,0.3616211710181,0.159584563,0.348711661,0.218162176,0.273541610182,0.234433825,0.166336046,0.212862549,0.3863675810183,0.224663051,0.259518077,0.159866469,0.35595240310184,0.254064486,0.309722429,0.164353882,0.27185920310185,0.340444534,0.243508899,0.203966256,0.21208031110186,0.201183243,0.289778424,0.25346249,0.25557584210187,0.250069324,0.180863528,0.287813176,0.28125397210188,0.25472634,0.301190437,0.194723588,0.24935963510189,0.197979202,0.225342229,0.321620769,0.25505779910190,0.331750956,0.21753563,0.190137441,0.26057597310191,0.278672175,0.217609532,0.251109559,0.25260873310192,0.296846064,0.248800884,0.197666073,0.2566869810193,0.21213377,0.266101305,0.245022119,0.27674280710194,0.24431881,0.197676914,0.294769709,0.26323456710195,0.180050973,0.239145706,0.356644276,0.22415904510196,0.277835247,0.197263015,0.288294954,0.23660678410197,0.307701619,0.198246971,0.222270691,0.27178071910198,0.226179158,0.303378967,0.229426106,0.2410157710199,0.264307646,0.192283919,0.260293993,0.28311444210200,0.237567873,0.196594759,0.321664969,0.244172410201,0.345436096,0.198495475,0.197352154,0.25871627510202,0.294108573,0.231981027,0.235752988,0.23815741210203,0.223178501,0.257039104,0.213106842,0.30667555310204,0.207506725,0.25497572,0.28701274,0.25050481410205,0.330739815,0.249873262,0.210258863,0.20912806110206,0.221182395,0.31013006,0.174995698,0.29369184710207,0.269853662,0.233040936,0.27144005,0.22566535310208,0.227081766,0.221018329,0.240682624,0.3112172810209,0.201463612,0.260893043,0.250350353,0.28729299210210,0.236119802,0.310415304,0.165133918,0.28833097610211,0.198319375,0.278186008,0.339763876,0.18373074110212,0.176019422,0.179129677,0.367264214,0.27758668710213,0.248803265,0.234584043,0.212277131,0.30433556110214,0.223363654,0.195430205,0.293677022,0.28752911910215,0.235047469,0.261650416,0.279660928,0.22364118710216,0.300836378,0.189627909,0.289614864,0.21992084910217,0.208629209,0.263425811,0.305810379,0.22213460110218,0.243826942,0.214229859,0.206014766,0.33592843310219,0.233746265,0.258084607,0.245595069,0.26257405910220,0.183137843,0.30500979,0.239986591,0.27186577610221,0.256139091,0.170386801,0.269479257,0.30399485110222,0.279851057,0.194531327,0.282671232,0.24294638410223,0.273603765,0.310820907,0.124683878,0.2908914510224,0.155062325,0.19915086,0.328229767,0.31755704810225,0.159584025,0.263382261,0.247522086,0.32951162810226,0.316376254,0.198258388,0.156614248,0.3287511110227,0.174661784,0.250572912,0.266617762,0.30814754210228,0.172765225,0.220344546,0.283177402,0.32371282710229,0.32727369,0.167443421,0.22284091,0.28244197910230,0.261606847,0.156670891,0.227800366,0.35392189710231,0.220044067,0.176793965,0.295248532,0.30791343610232,0.252489126,0.16222686,0.207890291,0.37739372210233,0.234426531,0.231881504,0.233491542,0.30020042310234,0.288224203,0.316170369,0.126892145,0.26871328210235,0.351627668,0.154872332,0.14946036,0.3440396410236,0.153022536,0.262196622,0.173256154,0.41152468810237,0.18310739,0.329811616,0.143878856,0.34320213810238,0.311215311,0.21836443,0.153289855,0.31713040410239,0.284313257,0.168298347,0.265627995,0.28176040110240,0.171085668,0.307818136,0.290735836,0.2303603610241,0.174757004,0.14345388,0.355087169,0.32670194810242,0.247101439,0.041635108,0.067078067,0.64418538610243,0.045734686,0.260700572,0.349322521,0.34424222210244,0.05539819,0.162242251,0.055833799,0.7265257610245,0.103708912,0.40299142,0.08258453,0.41071513810246,0.020987699,0.222109011,0.342148994,0.41475429610247,0.097261553,0.036886524,0.268081462,0.59777046210248,0.063173447,0.155295728,0.373552994,0.40797783110249,0.450204238,0.057730777,0.049701662,0.44236332310250,0.330349818,0.174550316,0.065753106,0.4293467610251,0.280968899,0.267228573,0.045326244,0.40647628410252,0.120432127,0.113767452,0.057239852,0.70856056810253,0.08794541,0.303015314,0.060024796,0.5490144810254,0.162206331,0.035149153,0.14199039,0.66065412710255,0.071169592,0.314494402,0.043087901,0.57124810510256,0.031454651,0.150052607,0.181061163,0.6