"","Ch1","Ch2","Ch3","Ch4"
"1",0.175549415864933,0.072058074369023,0.256622251059168,0.495770258706877
"2",0.375300812006561,0.0259999509509772,0.0216063590780498,0.577092877964412
"3",0.020862557798614,0.352488947995092,0.248832125146492,0.377816369059803
"4",0.267032307485385,0.219952580499537,0.228301596115951,0.284713515899127
"5",0.0527622244862061,0.325953828025413,0.128981786024479,0.492302161463902
"6",0.320700007316807,0.231022260713339,0.030835454895791,0.417442277074063
"7",0.466593705943084,0.0529361163903086,0.056765949990547,0.42370422767606
"8",0.0277597848309096,0.243301509014386,0.0207149623472593,0.708223743807445
"9",0.313256938784191,0.347887139423143,0.0214410788924488,0.317414842900217
"10",0.160792692816017,0.176334442801869,0.0377490087309033,0.625123855651211
"11",0.4137038479325,0.0474112915457008,0.17358701095167,0.365297849570129
"12",0.0540363616772787,0.178781318426384,0.106852717333079,0.660329602563258
"13",0.150731343738822,0.086142589036627,0.156605903098809,0.606520164125742
"14",0.0478288501207196,0.186435266572004,0.111861896072991,0.653873987234285
"15",0.165858033391679,0.30853754471973,0.0151193516067859,0.510485070281805
"16",0.0441257916875028,0.400321973293388,0.0245663583484843,0.530985876670625
"17",0.163183387060558,0.10018725568871,0.0335314779742796,0.703097879276452
"18",0.0847131226452312,0.0196118205841953,0.38741029337352,0.508264763397054
"19",0.0659087651333496,0.15084607275555,0.41248271442359,0.370762447687511
"20",0.0455734981855064,0.198784857633566,0.180173159730589,0.575468484450339
"21",0.288983970001116,0.0859102329665005,0.036375462062015,0.588730334970368
"22",0.201951817928549,0.21297443700245,0.0205584309828998,0.564515314086101
"23",0.051127028009781,0.399752495772543,0.0262516355912641,0.522868840626411
"24",0.0896171048281,0.162615792342024,0.0675576018562561,0.68020950097362
"25",0.144024237304556,0.213277597155769,0.275954268298297,0.366743897241379
"26",0.0441683013784747,0.0787353321471149,0.037557685350691,0.839538681123719
"27",0.0634654724870031,0.263207527474472,0.301581223947205,0.371745776091319
"28",0.0541270642440394,0.241380542767629,0.0654397495667108,0.63905264342162
"29",0.1304695836685,0.174117311538962,0.351376636113877,0.344036468678661
"30",0.0685971690160186,0.0466249635691282,0.0699026134513249,0.814875253963528
"31",0.0970987101441002,0.127882624948427,0.105299872953404,0.669718791954069
"32",0.0888701516804094,0.0410723788672154,0.230330420139897,0.639727049312478
"33",0.21817276975214,0.175028115183851,0.0398406569871695,0.566958458076839
"34",0.434490710532367,0.0243053110155816,0.0214278478316115,0.51977613062044
"35",0.139295931659038,0.203246245126956,0.0341279800456515,0.623329843168354
"36",0.486672995283632,0.0438248810303194,0.0311823580487765,0.438319765637272
"37",0.0706287632460462,0.242219543591249,0.17165568924189,0.515496003920815
"38",0.130645794089067,0.0284260497352772,0.0563270453496801,0.784601110825976
"39",0.255244271934443,0.236301768113112,0.278093442367276,0.230360517585169
"40",0.215845039657843,0.221540000231026,0.342438755543355,0.220176204567775
"41",0.289801706726575,0.272205077911925,0.221277080437434,0.216716134924066
"42",0.332244225497391,0.257832630629778,0.196339727634701,0.21358341623813
"43",0.219400463470806,0.245546308415391,0.322006860196872,0.213046367916931
"44",0.242581793028819,0.231024333815925,0.275060308461658,0.251333564693598
"45",0.277735149265265,0.238889804541116,0.231319976471743,0.252055069721876
"46",0.272546532967725,0.248348402437549,0.255765431931725,0.223339632663001
"47",0.276625277366112,0.247680392029579,0.259784658667314,0.215909671936995
"48",0.256850256817143,0.28997311476469,0.202730327668794,0.250446300749373
"49",0.267442435431182,0.306504566055636,0.235741273585186,0.190311724927996
"50",0.258733605095606,0.231494546946564,0.269230897655297,0.240540950302533
"51",0.262455665014199,0.23104485528302,0.246574890314562,0.259924589388219
"52",0.249889781556597,0.249225775586803,0.278996208639477,0.221888234217122
"53",0.252745297974919,0.279233363756007,0.213636467336828,0.254384870932246
"54",0.303990620056279,0.215254400087305,0.250816682851854,0.229938297004561
"55",0.244749084404729,0.28199001842199,0.231340444646389,0.241920452526893
"56",0.276300844139987,0.254604582354341,0.219109022333228,0.249985551172444
"57",0.268520028994993,0.262629300250983,0.217994161869309,0.250856508884715
"58",0.249591895968967,0.244623601586344,0.28827862279419,0.217505879650499
"59",0.255220779522146,0.250125954134585,0.262578392839443,0.232074873503826
"60",0.286473341625799,0.212509210815128,0.273312941794671,0.227704505764402
"61",0.234472731683871,0.263533586277085,0.246061618087778,0.255932063951266
"62",0.291901023415288,0.297460704245628,0.199754945038107,0.210883327300977
"63",0.240184746875393,0.23392172488401,0.279721899965535,0.246171628275062
"64",0.22223097295504,0.218743633393,0.28687767980199,0.272147713849971
"65",0.262493121158498,0.269556551920112,0.281892188503682,0.186058138417707
"66",0.24362229637835,0.295841059611381,0.261303714069533,0.199232929940736
"67",0.257798953213499,0.279762152562956,0.280849826196694,0.181589068026851
"68",0.248559771371447,0.288717769104766,0.281010640807879,0.181711818715907
"69",0.265053662803168,0.249594944269716,0.217079947479184,0.268271445447932
"70",0.232870159375155,0.289390382885292,0.215981035563456,0.261758422176098
"71",0.222311012449304,0.253849357976283,0.296383895694466,0.227455733879948
"72",0.223665194453689,0.263396700167724,0.295589786022931,0.217348319355656
"73",0.277705056584559,0.239401572842681,0.283417427849291,0.199475942723469
"74",0.217455619034764,0.300662064898441,0.235128977045122,0.246753339021674
"75",0.250633805311969,0.307655906312654,0.208523066342962,0.233187222032415
"76",0.232697383268834,0.266723399927776,0.269982684958622,0.230596531844768
"77",0.187859092112023,0.292160484581302,0.286183821763581,0.233796601543094
"78",0.233192316949368,0.306985802416358,0.234763643302816,0.225058237331459
"79",0.185305392696117,0.346165622865999,0.253997601374924,0.214531383062959
"80",0.20362996840824,0.233588056649998,0.293431411364808,0.269350563576954
"81",0.23610360408888,0.209435438767847,0.345388412097136,0.209072545046138
"82",0.294002944119638,0.213981784679612,0.207580862628853,0.284434408571896
"83",0.268518549042162,0.237249209458885,0.215265521160397,0.278966720338555
"84",0.232470580536272,0.280292173441981,0.26168081677799,0.225556429243758
"85",0.310031736397867,0.204281299999084,0.215089771080353,0.270597192522696
"86",0.222266381271111,0.245237640758877,0.266903631407304,0.265592346562708
"87",0.219322143687628,0.213028397159135,0.328642592431432,0.239006866721805
"88",0.33469627845688,0.195612216282265,0.230312527948958,0.239378977311896
"89",0.27565881414351,0.257779407570881,0.210816640122158,0.255745138163451
"90",0.287291246847431,0.241103367105739,0.267021717559529,0.204583668487301
"91",0.271654637708304,0.261961683377512,0.219913427731197,0.246470251182986
"92",0.25213495347221,0.205775685986974,0.282209256327328,0.259880104213489
"93",0.275451922955645,0.274367211823488,0.249056075823392,0.201124789397474
"94",0.212246002319413,0.25361180794678,0.295016783471731,0.239125406262077
"95",0.253232415472997,0.251133328075861,0.281250281706659,0.214383974744484
"96",0.162840190366421,0.240066944390231,0.34616587704196,0.250926988201387
"97",0.205172812833202,0.322938612907488,0.188960027878284,0.282928546381027
"98",0.244476368015307,0.251347447075011,0.284313960104221,0.219862224805461
"99",0.207989236098656,0.276691601350498,0.203906753884475,0.311412408666372
"100",0.24559197348264,0.297619418267446,0.232965940022177,0.223822668227737
"101",0.313198684382789,0.193882112520918,0.228793959368391,0.264125243727901
"102",0.245898767039569,0.226131375984392,0.258763130955865,0.269206726020174
"103",0.18808401830737,0.281985976887492,0.206522671084903,0.323407333720235
"104",0.199359088462915,0.266769165706471,0.219687842976229,0.314183902854385
"105",0.172065627713654,0.360774906453904,0.208404582707488,0.258754883124955
"106",0.208180804318993,0.318143879166709,0.213188826551545,0.260486489962753
"107",0.239627870524302,0.301794690393231,0.198536757782088,0.260040681300379
"108",0.172667593914413,0.370777260155375,0.182613613183046,0.273941532747166
"109",0.290854113397617,0.233565714617268,0.204018692105969,0.271561479879146
"110",0.297722537254656,0.240892577951179,0.178894075882096,0.28249080891207
"111",0.232649584389573,0.203806793365207,0.294479291003102,0.269064331242117
"112",0.277600403763463,0.232005649332532,0.179457642666711,0.310936304237294
"113",0.266384117256258,0.197613969340649,0.285157233301498,0.250844680101596
"114",0.286662808983802,0.198472341887805,0.207760419062807,0.307104430065586
"115",0.240944467937631,0.328964917146812,0.147713463293126,0.282377151622431
"116",0.319394405693347,0.144453802861972,0.233862956132408,0.302288835312273
"117",0.271880341543464,0.204100427695565,0.21516386778982,0.308855362971152
"118",0.199945314342083,0.272690548303408,0.250788900923244,0.276575236431265
"119",0.20544098628217,0.210429953736898,0.198281971772001,0.385847088208932
"120",0.272446345621009,0.238605240203283,0.157184514059492,0.331763900116216
"121",0.291629218193168,0.277442238055092,0.187288605366855,0.243639938384885
"122",0.22574338786302,0.191725181575702,0.234236479048412,0.348294951512866
"123",0.14721283170855,0.335494733297631,0.243649577631549,0.27364285736227
"124",0.290007863113039,0.147611620620595,0.247834731130656,0.31454578513571
"125",0.218828634240555,0.29839346182917,0.19466457064837,0.288113333281904
"126",0.310166783351767,0.238638278960199,0.194213517628726,0.256981420059308
"127",0.245493604563966,0.30588301842607,0.225791861172807,0.222831515837157
"128",0.302775177542648,0.164105683913628,0.186219221653525,0.3468999168902
"129",0.299172509054187,0.138530421776142,0.308511069021819,0.253786000147852
"130",0.22384638456077,0.31909819416232,0.247380918864254,0.209674502412656
"131",0.200739327480092,0.299377650136767,0.21538887285358,0.284494149529561
"132",0.187106416258945,0.166886768704983,0.35860389366648,0.287402921369593
"133",0.245497047425615,0.23718304780688,0.251085322292463,0.266234582475042
"134",0.235338378064202,0.283489509503442,0.201323259672796,0.27984885275956
"135",0.191620541629126,0.207106520963251,0.27908837116684,0.322184566240782
"136",0.235869343013628,0.336875411717179,0.186433384433513,0.24082186083568
"137",0.177851236140165,0.238290767733591,0.30476649159637,0.279091504529875
"138",0.280129837770044,0.225878012507404,0.227727488841404,0.266264660881149
"139",0.346680445221112,0.193234226983566,0.232107956894077,0.227977370901244
"140",0.250163890392828,0.292013410560516,0.251340609659153,0.206482089387503
"141",0.243507935280435,0.182616018414423,0.311551775498206,0.262324270806936
"142",0.26855285642942,0.30977246284348,0.153139205955212,0.268535474771888
"143",0.193225797542168,0.224737457533154,0.243631378353338,0.338405366571339
"144",0.265600841213378,0.220126210584002,0.205930285910858,0.308342662291763
"145",0.213510121251663,0.223521382770735,0.268511196673333,0.294457299304269
"146",0.30754519165268,0.187392904170107,0.222596118726712,0.2824657854505
"147",0.205201019661407,0.214709051152964,0.346096289424018,0.233993639761611
"148",0.246478044498566,0.179247974507944,0.270541920494012,0.303732060499478
"149",0.170129897295418,0.342792636163609,0.209885745573649,0.277191720967323
"150",0.230458942933358,0.161661165861755,0.342915367911945,0.264964523292943
"151",0.228072900952135,0.163061184386721,0.279090985114261,0.329774929546884
"152",0.243020747701087,0.185331435748043,0.258368730539922,0.313279086010949
"153",0.284430444284354,0.203664059920993,0.266312994746156,0.245592501048497
"154",0.200157607810005,0.190430580426469,0.312020342760335,0.297391469003191
"155",0.229948789867967,0.209099312037204,0.248811149178351,0.312140748916478
"156",0.236530950911641,0.20015116083162,0.31610110354941,0.247216784707329
"157",0.22229229321149,0.173723884899941,0.280502116040501,0.323481705848067
"158",0.215133964069497,0.25115878856022,0.320621626295136,0.213085621075147
"159",0.171155103586899,0.328043336149128,0.210687127704546,0.290114432559427
"160",0.218018234521566,0.265710387786861,0.210961217269258,0.305310160422315
"161",0.199526650897866,0.158205330908477,0.33025641953982,0.312011598653837
"162",0.234775443951911,0.311439492245862,0.195987546426415,0.257797517375812
"163",0.272562504410042,0.284830089050604,0.185260905584959,0.257346500954395
"164",0.178725867736759,0.25289141866185,0.305789658341372,0.262593055260019
"165",0.179048231831458,0.324902972364526,0.246709690204963,0.249339105599053
"166",0.198088489132287,0.315740422147759,0.202696261052593,0.283474827667361
"167",0.208063106005171,0.229610566880611,0.258970387789917,0.303355939324301
"168",0.197096177788286,0.261710967442584,0.289734790485595,0.251458064283535
"169",0.293648024948168,0.266180398716529,0.177873355659911,0.262298220675392
"170",0.163723746668601,0.299122450501376,0.26360726326508,0.273546539564943
"171",0.316409231274867,0.214873431852063,0.244269834417557,0.224447502455513
"172",0.230341314767882,0.253441611261299,0.2136964104485,0.302520663522319
"173",0.255513738267016,0.145975854946234,0.311656806105207,0.286853600681543
"174",0.18513533829234,0.198338178267227,0.287157133170762,0.329369350269671
"175",0.335796957832778,0.141840173169236,0.224571274530038,0.297791594467947
"176",0.153444246654474,0.315025004184358,0.177583998553154,0.353946750608013
"177",0.225083170974573,0.215653414727083,0.2884286691393,0.270834745159045
"178",0.154721532199183,0.249978080296176,0.222936226491298,0.372364161013343
"179",0.157081097282053,0.134761599828736,0.300624223044807,0.407533079844403
"180",0.217790850333183,0.28168604595365,0.16157218282946,0.338950920883707
"181",0.298180458990836,0.317766517032542,0.164978395382243,0.219074628594378
"182",0.220458945417815,0.237852862188391,0.245748906332581,0.295939286061213
"183",0.19547762981864,0.353157401565601,0.118031002305612,0.333333966310147
"184",0.333728768338866,0.247235462199803,0.17099463010546,0.248041139355871
"185",0.199506730111336,0.277930893050722,0.158101178928188,0.364461197909754
"186",0.109923088720144,0.340200892047171,0.300477770293183,0.249398248939501
"187",0.172047113828373,0.257063802046624,0.216062247685715,0.354826836439289
"188",0.197789347519807,0.273052636702456,0.160316826132191,0.368841189645546
"189",0.241018776185759,0.30914265662939,0.184572702284756,0.265265864900096
"190",0.287547341595915,0.164162389961337,0.270365119650435,0.277925148792312
"191",0.197111488982174,0.335547457178093,0.148246537571923,0.31909451626781
"192",0.155613092035034,0.153478534527653,0.186923145515293,0.503985227922019
"193",0.301581032840275,0.145965040528232,0.32832549908315,0.224128427548344
"194",0.128169191714707,0.242805024277763,0.194395304246989,0.434630479760541
"195",0.262252660144251,0.1814568639396,0.290974103348947,0.265316372567202
"196",0.240784070703808,0.199386575425323,0.133011079286168,0.426818274584701
"197",0.221528567481378,0.34839578761013,0.132432943525305,0.297642701383187
"198",0.182194420525161,0.1920319984066,0.34920786823088,0.276565712837359
"199",0.25259938680891,0.120831886930859,0.19418823492271,0.432380491337521
"200",0.15012765322096,0.299624595653839,0.163931387992074,0.386316363133128
"201",0.386804808243727,0.206413588904693,0.0972777414802979,0.309503861371282
"202",0.116382223119553,0.237073726896123,0.195910369289589,0.450633680694735
"203",0.347705876877244,0.0975118753989301,0.217784826850007,0.336997420873819
"204",0.265937633020767,0.152732509486419,0.146772720794231,0.434557136698583
"205",0.169324287165813,0.228962841900924,0.277311001081943,0.32440186985132
"206",0.141468734048874,0.364129609465976,0.145997793273739,0.348403863211411
"207",0.432740892691054,0.179014234103687,0.116486495620417,0.271758377584842
"208",0.139681266017452,0.160693116653062,0.22019503822061,0.479430579108877
"209",0.270418223759915,0.306594637256251,0.138644109968034,0.284343029015801
"210",0.235094749537723,0.211395508504618,0.21256095493444,0.340948787023219
"211",0.251199443610137,0.229862491803696,0.228066265345783,0.290871799240384
"212",0.27538400347825,0.226307486646009,0.242384454084693,0.255924055791048
"213",0.213842649159268,0.28741769602832,0.222841937914027,0.275897716898385
"214",0.167127869534822,0.172437972618946,0.335954270263691,0.32447988758254
"215",0.145512192923474,0.294182746221988,0.253457371777194,0.306847689077344
"216",0.274497463645052,0.14538836145893,0.32316584655112,0.256948328344897
"217",0.240039276554641,0.215266609161929,0.296733604379742,0.247960509903687
"218",0.139520832785394,0.233541957089154,0.354788613218273,0.272148596907178
"219",0.251142414389621,0.217919181128983,0.244394569278882,0.286543835202514
"220",0.22703360010414,0.145484324591557,0.339152608966611,0.288329466337692
"221",0.27994497889991,0.163921102873229,0.224547050851155,0.331586867375706
"222",0.310091344720882,0.205861484955958,0.209727750586349,0.274319419736811
"223",0.172765477560819,0.296260236403375,0.204210155060568,0.326764130975238
"224",0.212310053426678,0.200953987213571,0.318723313475269,0.268012645884482
"225",0.27392036328825,0.166963385473118,0.269096230178779,0.290020021059853
"226",0.213511916455741,0.216558191857499,0.199208891813305,0.370720999873455
"227",0.156547236215075,0.257635355723889,0.335327549127202,0.250489858933834
"228",0.175093763134053,0.301646392790244,0.238159126984327,0.285100717091376
"229",0.0574682263498314,0.040607351343711,0.311263614172964,0.590660808133493
"230",0.127824591655352,0.0293231327460175,0.0520027044783645,0.790849571120266
"231",0.0223967327359112,0.180982478919285,0.230422840156626,0.566197948188178
"232",0.0643536862885867,0.129864074892743,0.0506850046849416,0.755097234133729
"233",0.120121895224691,0.0833855648037189,0.0350697311332444,0.761422808838346
"234",0.0893538235748216,0.0640005957718358,0.0583813983194659,0.788264182333877
"235",0.212655586321661,0.220354809323148,0.0292639111356773,0.537725693219514
"236",0.029532040470283,0.262308034491487,0.103890555872936,0.604269369165294
"237",0.0241865974877098,0.155628764968787,0.33860185734114,0.481582780202363
"238",0.0338634216091346,0.0296102792612485,0.22336612131703,0.713160177812587
"239",0.052416926193925,0.0662020948546306,0.298703278270157,0.582677700681287
"240",0.295401603464029,0.0172654143168154,0.271434313240602,0.415898668978554
"241",0.0971897063270183,0.329019536536421,0.0551152559345424,0.518675501202018
"242",0.0222087467713764,0.347321338731591,0.0569354500606513,0.573534464436381
"243",0.0159956625305652,0.261963645994742,0.326012964427829,0.396027727046863
"244",0.156750357979402,0.321341642181245,0.22986599773083,0.292042002108523
"245",0.151560588994396,0.0983057431384194,0.241449381928573,0.508684285938611
"246",0.0256516509649272,0.227146715239122,0.300410672034435,0.446790961761516
"247",0.161534256946102,0.0271027746776343,0.101532359964418,0.709830608411846
"248",0.257144229560096,0.254389642058139,0.233477831277268,0.254988297104496
"249",0.257214032185792,0.248296957353676,0.269034750510269,0.225454259950263
"250",0.289216635131255,0.290544895733534,0.230608945943289,0.189629523191922
"251",0.246262621445595,0.278864351311338,0.241739146645492,0.233133880597575
"252",0.280939751481537,0.214524570423319,0.266086559565694,0.23844911852945
"253",0.253143641575847,0.247482807807755,0.263396543360519,0.235977007255879
"254",0.257600622000458,0.276947255096015,0.233759995330804,0.231692127572723
"255",0.267169921955832,0.280514900334585,0.265339820570924,0.186975357138658
"256",0.259169711309318,0.267260553366063,0.250380099738072,0.223189635586547
"257",0.273046813882907,0.253774503717231,0.242442170535732,0.230736511864131
"258",0.281542771161826,0.242735216376114,0.261382970788893,0.214339041673167
"259",0.234685441016552,0.271256453544473,0.239339364860246,0.25471874057873
"260",0.211211094599484,0.285966488585542,0.291419117407238,0.211403299407736
"261",0.233926442841382,0.294048910391963,0.261386578227119,0.210638068539537
"262",0.251406910181708,0.227851788540371,0.251876989014603,0.268864312263319
"263",0.271823987015023,0.209907536199431,0.311077534696038,0.207190942089508
"264",0.279678233966954,0.240594928124175,0.21490351711375,0.264823320795121
"265",0.270616417166948,0.30278994097279,0.221429944415146,0.205163697445115
"266",0.254081258230578,0.245157956999177,0.240614007783063,0.260146776987181
"267",0.24592889403011,0.275888476219617,0.222613069727801,0.255569560022471
"268",0.308958839010589,0.256876975548349,0.21215136220131,0.222012823239752
"269",0.261985525915904,0.284094919787711,0.219942670721338,0.233976883575046
"270",0.299504927555161,0.310075711929323,0.170571338945509,0.219848021570007
"271",0.280998717935936,0.258009682675154,0.250216034063498,0.210775565325413
"272",0.251333413395973,0.283811693524751,0.19933585643461,0.265519036644665
"273",0.212173787038094,0.224482919711994,0.315327115067027,0.248016178182885
"274",0.264769809611085,0.275297225821605,0.225804243225739,0.23412872134157
"275",0.259579213851441,0.240820836570965,0.294446721920996,0.205153227656598
"276",0.249951721187675,0.258393195862353,0.230769400942437,0.260885682007535
"277",0.224929907473026,0.312854570994807,0.237939475760271,0.224276045771896
"278",0.309928082417414,0.218250349585208,0.235975817623397,0.235845750373981
"279",0.28236895544402,0.237553124267169,0.228786384566493,0.251291535722319
"280",0.234056729369593,0.323976483235084,0.195590048340252,0.24637673905507
"281",0.222765783043992,0.243635399800237,0.296805815591662,0.236793001564108
"282",0.244461001526215,0.218549255759915,0.30244533811228,0.23454440460159
"283",0.263848754124393,0.210569131625012,0.27144857697358,0.254133537277014
"284",0.210095675227072,0.31185085152513,0.226144348358905,0.251909124888894
"285",0.242407305674409,0.32344389151978,0.18624478526705,0.247904017538761
"286",0.268566975757855,0.239154560432789,0.181351667023275,0.310926796786081
"287",0.243466626388295,0.154300671693796,0.23127142710379,0.370961274814119
"288",0.121062329304075,0.250984186140434,0.280882542174902,0.347070942380589
"289",0.220080621733404,0.304814186272754,0.185877928379196,0.289227263614646
"290",0.31898890852778,0.240872773421987,0.216824051462177,0.223314266588057
"291",0.122128250902237,0.206600872437975,0.401650480031679,0.269620396628108
"292",0.190381589706832,0.256455302136482,0.199016829822393,0.354146278334294
"293",0.312126850780838,0.156156717988188,0.22815561753022,0.303560813700754
"294",0.161283099925712,0.205901078663606,0.274009238570894,0.358806582839788
"295",0.308951678134444,0.199734424873128,0.201092451223396,0.290221445769033
"296",0.170577996805618,0.189566659933335,0.351917668490561,0.287937674770486
"297",0.164425450146723,0.246602285714953,0.295981747043923,0.292990517094401
"298",0.199729267425778,0.312224521163376,0.224697063693012,0.263349147717834
"299",0.175028686252066,0.316495823813269,0.184299022237581,0.324176467697084
"300",0.230546197009951,0.213142979528628,0.176124363194029,0.380186460267392
"301",0.19903210613705,0.178818883465636,0.293099646326452,0.329049364070861
"302",0.265815832592398,0.25466127609708,0.252210846305498,0.227312045005025
"303",0.191607574175067,0.156446830190382,0.298054494243817,0.353891101390734
"304",0.252979989232635,0.112208689031033,0.338849968460199,0.295961353276133
"305",0.254573440533099,0.228725227182999,0.281099147134406,0.235602185149496
"306",0.32817883275828,0.105349127409744,0.145327577377748,0.421144462454227
"307",0.141926668155781,0.263964464435251,0.289130252955362,0.304978614453605
"308",0.143552076727105,0.282115126252872,0.276455724867361,0.297877072152662
"309",0.171802765441575,0.186958463356961,0.344067586577911,0.297171184623553
"310",0.305993851914851,0.183704021181455,0.167996408216072,0.342305718687622
"311",0.231499572507342,0.345044296691762,0.108676082259076,0.314780048541819
"312",0.281342908570047,0.319438971997635,0.122839564192008,0.27637855524031
"313",0.367810868450863,0.151140817385175,0.248596970404833,0.232451343759129
"314",0.329377529966448,0.316096118562909,0.101823801398408,0.252702550072234
"315",0.194231938589245,0.153053447354115,0.259779088462917,0.392935525593723
"316",0.241262234116702,0.330998136924592,0.102179649863925,0.325559979094781
"317",0.199187811605631,0.137256994834751,0.209893699078114,0.453661494481504
"318",0.12610632324181,0.324059502448607,0.263591602090817,0.286242572218767
"319",0.118793496495065,0.253971513132683,0.267568949644892,0.35966604072736
"320",0.192905380637119,0.120112921594827,0.27416619418292,0.412815503585134
"321",0.37072860237399,0.118598499332628,0.194578017603043,0.316094880690339
"322",0.254509722194464,0.113526735014664,0.15767623442126,0.474287308369612
"323",0.137156201381726,0.34342264458292,0.176157278051934,0.34326387598342
"324",0.191326109051888,0.262213280809361,0.262471734299981,0.28398887583877
"325",0.211263128460428,0.205996580354279,0.309422151160431,0.273318140024861
"326",0.286183013056262,0.223670481198804,0.231364667651163,0.258781838093771
"327",0.314576477918634,0.280684164062899,0.167633480548593,0.237105877469874
"328",0.208442520869909,0.285485897213413,0.240949528681709,0.265122053234969
"329",0.287562280095164,0.207062812394742,0.300876924726733,0.204497982783361
"330",0.22099777001892,0.238249264910383,0.304938009117068,0.235814955953628
"331",0.273111055791808,0.194836365036726,0.261221099758355,0.270831479413111
"332",0.240304877332829,0.344306267533206,0.188686119857999,0.226702735275965
"333",0.207596948642691,0.354840646551244,0.17776848951783,0.259793915288236
"334",0.211834578095779,0.206909095039456,0.293957307727449,0.287299019137317
"335",0.302745816831155,0.202761790742515,0.194725754373323,0.299766638053007
"336",0.215561095409794,0.339701603774872,0.205580844385732,0.239156456429603
"337",0.219913381230576,0.284806119883287,0.216224935267965,0.279055563618172
"338",0.243359345996701,0.233740274847267,0.259586674334273,0.263313704821758
"339",0.252100048538314,0.199532268844902,0.263861893661738,0.284505788955047
"340",0.245387094366655,0.197146627214862,0.320271976699734,0.23719430171875
"341",0.236532944232153,0.225520898515992,0.274499333405458,0.263446823846397
"342",0.226621258821572,0.310618907423546,0.217281747812508,0.245478085942375
"343",0.33140655482235,0.164896508246365,0.21073994547279,0.292956991458494
"344",0.299373283570132,0.269117624124638,0.204021976333253,0.227487115971976
"345",0.179597579278898,0.320117817442788,0.265619215003584,0.23466538827473
"346",0.16043457816906,0.197675735692442,0.329670258921678,0.31221942721682
"347",0.176363009058954,0.312815675089256,0.252294121331035,0.258527194520755
"348",0.167868224817853,0.274729674721468,0.204439713153698,0.352962387306981
"349",0.343243261819543,0.137793854687612,0.263433603912743,0.255529279580102
"350",0.311903947039327,0.205026902218074,0.19049308885606,0.29257606188654
"351",0.269620305299766,0.244777607416173,0.197973538494776,0.287628548789285
"352",0.153685266635176,0.318065303633001,0.213001407057724,0.3152480226741
"353",0.249082383662049,0.215776811021969,0.213676809815931,0.321463995500051
"354",0.248587012282195,0.242321655319361,0.280283707594306,0.228807624804139
"355",0.22795886264125,0.329245701550112,0.15502976852829,0.287765667280348
"356",0.314084832141168,0.187566900577715,0.178172139529187,0.32017612775193
"357",0.329037425326163,0.193669082798192,0.184551218419836,0.292742273455809
"358",0.254734696012789,0.129630239347961,0.334418447837828,0.281216616801422
"359",0.190412466156963,0.163028919338943,0.345686361416333,0.300872253087761
"360",0.176731682720184,0.211842598894069,0.324449941406651,0.286975776979096
"361",0.229135829164374,0.322940210656328,0.203871881378536,0.244052078800763
"362",0.281101064955177,0.227791814288482,0.0506519604176283,0.440455160338713
"363",0.195010955118755,0.0423525697075167,0.0441933524336668,0.718443122740062
"364",0.048089219156742,0.0630804290016908,0.388408955040849,0.500421396800718
"365",0.295740801274291,0.109282348191072,0.035492434453535,0.559484416081102
"366",0.0913169900993604,0.0433383017386147,0.30563956714572,0.559705141016305
"367",0.0811421200701859,0.0367971292230166,0.0462236839093807,0.835837066797417
"368",0.153058282595857,0.0445671947222495,0.113191590797886,0.689182931884007
"369",0.326689921961574,0.0187631955162135,0.285529750437897,0.369017132084316
"370",0.0443576078779987,0.149337987840667,0.0351026275060112,0.771201776775323
"371",0.0389545642806784,0.132056377442575,0.0278182247491012,0.801170833527645
"372",0.0882792117327101,0.305837160281385,0.218586371941092,0.387297256044813
"373",0.273519379525668,0.060206914093533,0.191934294456438,0.474339411924361
"374",0.317607182117429,0.0341994844539269,0.348886037339402,0.299307296089242
"375",0.0822290344354997,0.0514921726441539,0.222219681948803,0.644059110971543
"376",0.321226130923399,0.0428124826928919,0.168074813083867,0.467886573299842
"377",0.0195481278433645,0.0181976017072023,0.406658175775417,0.555596094674016
"378",0.083228742517955,0.0249217120417427,0.146343848614271,0.745505696826031
"379",0.0510834570611387,0.0339705151692458,0.291006328929711,0.623939698839904
"380",0.140076093512141,0.0226839944907044,0.078533023135031,0.758706888862124
"381",0.29514662025143,0.158736680088307,0.301013712798008,0.245102986862255
"382",0.255217959940798,0.305088244564887,0.190036780572903,0.249657014921413
"383",0.200410493526983,0.189743793068181,0.25679327380428,0.353052439600557
"384",0.260379100913599,0.274826511375826,0.156969981515061,0.307824406195514
"385",0.14051871657284,0.189936435255645,0.39087969329735,0.278665154874165
"386",0.246306273827873,0.263588240205526,0.230245503173482,0.25985998279312
"387",0.218493782452234,0.222110125531978,0.289214314589338,0.270181777426451
"388",0.278602968030402,0.287074206985775,0.156655968942727,0.277666856041096
"389",0.271962558196953,0.262757016123203,0.215396448213504,0.249883977466339
"390",0.313536730289588,0.181106205728185,0.204872928205631,0.300484135776596
"391",0.245084642068437,0.286134363234285,0.250255851228369,0.218525143468909
"392",0.286689268083302,0.156696626790155,0.32135709795222,0.235257007174322
"393",0.145517926026212,0.188621704228602,0.371555291498307,0.294305078246879
"394",0.305743964941907,0.18276174893597,0.237398439099862,0.274095847022261
"395",0.208000329144448,0.2341080073617,0.205519071406977,0.352372592086875
"396",0.215389247929824,0.266126482830709,0.1846424082643,0.333841860975167
"397",0.285559778503766,0.310326122216967,0.189634299163817,0.21447980011545
"398",0.282937041671406,0.13715993691429,0.265657605201378,0.314245416212927
"399",0.263187520252637,0.236733719953289,0.194712485985689,0.305366273808384
"400",0.432771637388844,0.0699733307801981,0.04964823333165,0.447606798499308
"401",0.0687096771856148,0.04607555685476,0.118978659596028,0.766236106363597
"402",0.224932155607185,0.269984346248689,0.143129710202385,0.361953787941741
"403",0.15121659108424,0.226371990890952,0.230390978770517,0.392020439254291
"404",0.0173585891901398,0.0242564862419376,0.484500037718489,0.473884886849433
"405",0.40954790146288,0.040459643586078,0.0262522896113417,0.5237401653397
"406",0.023694340997056,0.0225560944521966,0.341266466548551,0.612483098002196
"407",0.201954877355906,0.0242189057220381,0.0623963167189305,0.711429900203125
"408",0.0603647449355617,0.142936079373619,0.268767740998207,0.527931434692612
"409",0.0664602291078828,0.41717972453769,0.0278391989235337,0.488520847430893
"410",0.342566732647606,0.0760167006699275,0.0311433411941252,0.550273225488341
"411",0.174273345550888,0.217069312111053,0.309522122842736,0.299135219495323
"412",0.27335176094968,0.028225960287094,0.18012571787604,0.518296560887186
"413",0.425998198678676,0.195895763352987,0.0191995588475728,0.358906479120764
"414",0.230463978385582,0.049695395365966,0.0962980720833527,0.623542554165099
"415",0.143662464179538,0.0370924477762083,0.385470720127997,0.433774367916256
"416",0.32258617122037,0.024752506709477,0.293876745880508,0.358784576189646
"417",0.0284803973944039,0.414960615200775,0.0914477243381791,0.465111263066642
"418",0.250638248489325,0.132430530724469,0.0197144282194426,0.597216792566764
"419",0.264266391237741,0.255323044277456,0.256700912447819,0.223709652036985
"420",0.215766182610118,0.230010006474378,0.147676873941951,0.406546936973553
"421",0.202448523002719,0.24610816565721,0.141667405267642,0.409775906072429
"422",0.188690923737668,0.294404713208052,0.156745991218725,0.360158371835555
"423",0.196483129450846,0.380812600043351,0.149814770591976,0.272889499913827
"424",0.129235497824974,0.16133627175251,0.36666532105616,0.342762909366356
"425",0.179331613234735,0.264160931208292,0.314124742471241,0.242382713085732
"426",0.295373223077685,0.280703313514607,0.168960877986824,0.254962585420884
"427",0.353661834670247,0.159315942724112,0.164944427483684,0.322077795121957
"428",0.194990173539293,0.155001556048908,0.217569045885135,0.432439224526663
"429",0.234698739602708,0.327894425308799,0.116252788783172,0.321154046305321
"430",0.173109734396662,0.196777519357922,0.320035975429788,0.310076770815628
"431",0.166208116942066,0.324067276158535,0.184128727685723,0.325595879213675
"432",0.320532449465426,0.132191619053945,0.280088230898424,0.267187700582206
"433",0.226415614470829,0.178714723634279,0.265547733740479,0.329321928154412
"434",0.322808968254102,0.236662390697761,0.155405730350346,0.285122910697792
"435",0.237706461743785,0.26509151410734,0.174095224761473,0.323106799387402
"436",0.306744447799425,0.165515174313787,0.179597202776052,0.348143175110736
"437",0.23519397545336,0.326268433222194,0.160802644424337,0.277734946900109
"438",0.296003540864533,0.274297947811909,0.204235959493715,0.225462551829843
"439",0.208908519920942,0.303938980806948,0.239107268783342,0.248045230488768
"440",0.217035433352248,0.209010863505867,0.232967904834332,0.340985798307553
"441",0.241895543860264,0.317049541784743,0.204750248876263,0.236304665478731
"442",0.302851702267641,0.245461767917946,0.215504594572217,0.236181935242196
"443",0.296338124319208,0.204307938983306,0.203257116709304,0.296096819988182
"444",0.211115860548408,0.313460003106988,0.234544885534735,0.24087925080987
"445",0.234507581358441,0.206606499765183,0.289917943905145,0.268967974971231
"446",0.225855002271133,0.307273131635825,0.261956535065589,0.204915331027453
"447",0.251942079717811,0.25523447856863,0.259408081572185,0.233415360141374
"448",0.213793630795365,0.226659076176245,0.32448463519469,0.235062657833701
"449",0.273286754426584,0.266452099415699,0.195080827057581,0.265180319100135
"450",0.241032219691528,0.279511070445443,0.207734798161366,0.271721911701663
"451",0.328343449614045,0.289018044042311,0.157023569939935,0.225614936403708
"452",0.263716759804316,0.255843121330486,0.200383087412449,0.280057031452748
"453",0.329226086712875,0.186352811686895,0.248770318520304,0.235650783079926
"454",0.212788292168785,0.250093043781967,0.242601410245381,0.294517253803868
"455",0.23525346490442,0.247265986368669,0.200833382849162,0.316647165877749
"456",0.29556760882876,0.229785898146937,0.226440759276762,0.248205733747541
"457",0.329000773755513,0.199983650539496,0.196527227668745,0.274488348036245
"458",0.315173598486576,0.228715805010864,0.217914860112436,0.238195736390124
"459",0.271798563816968,0.259312212482556,0.241450801335463,0.227438422365013
"460",0.22326553913687,0.29689989036211,0.201011033772381,0.278823536728639
"461",0.229652970390878,0.273369439554179,0.272264001059373,0.224713588995571
"462",0.263238326512926,0.254285173506375,0.218829775147159,0.26364672483354
"463",0.223942653020967,0.333973545626824,0.220056810571645,0.222026990780564
"464",0.221097612830864,0.203228154706296,0.240781997287708,0.334892235175133
"465",0.33477591675109,0.208279547598293,0.180988956947736,0.275955578702881
"466",0.250648540053809,0.218654907217807,0.25188113399937,0.278815418729014
"467",0.241716457973447,0.239746357999807,0.257041079856472,0.261496104170274
"468",0.232469551023977,0.190766466066818,0.307378749409917,0.269385233499287
"469",0.350487164941544,0.187884424114382,0.207606086306464,0.25402232463761
"470",0.287882328548024,0.214707009566747,0.249483320127301,0.247927341757927
"471",0.246585184782128,0.330654131494181,0.205078273299728,0.217682410423962
"472",0.253758719623066,0.288815936915239,0.218408896431324,0.239016447030371
"473",0.210053729302865,0.237325380892066,0.2172369609013,0.335383928903769
"474",0.229126003665766,0.264195699108988,0.234025214792564,0.272653082432682
"475",0.240472670301497,0.174863353936484,0.35585579601044,0.22880817975158
"476",0.271487440050115,0.293399162592357,0.180379645271632,0.254733752085896
"477",0.262827792742818,0.194219684794802,0.261086797389718,0.281865725072663
"478",0.318159531684273,0.189586461750323,0.226518332529806,0.265735674035598
"479",0.29628468598796,0.247986627335176,0.194311125561444,0.261417561115419
"480",0.255195949095376,0.192686642043264,0.209747781126513,0.342369627734847
"481",0.26683692069296,0.226852390397246,0.22756325275062,0.278747436159174
"482",0.286896964880475,0.237135572779282,0.243543156909829,0.232424305430414
"483",0.20257245394039,0.193450647247999,0.23778096506778,0.366195933743832
"484",0.208778490794065,0.22144415915681,0.304524950299952,0.265252399749174
"485",0.182683226118399,0.276414511278278,0.220170913941371,0.320731348661952
"486",0.206979441686022,0.296503918782756,0.214657395427701,0.281859244103521
"487",0.134947683094513,0.203479645732675,0.361968797853802,0.29960387331901
"488",0.169174718926787,0.258420047662231,0.274098452211374,0.298306781199608
"489",0.189870685143561,0.284395583651174,0.262534311270524,0.263199419934741
"490",0.211732672430739,0.219324907123937,0.206901685935617,0.362040734509706
"491",0.287932738246664,0.189615628878121,0.265348998683137,0.257102634192078
"492",0.257730564610245,0.161046628629148,0.266213251288464,0.315009555472144
"493",0.282851774198737,0.252961518346714,0.176649661458847,0.287537045995702
"494",0.232238071545474,0.172503491578467,0.278870713131345,0.316387723744714
"495",0.251413228481459,0.256990733772908,0.253412135334837,0.238183902410795
"496",0.201651558163833,0.278677169216136,0.281059437008252,0.23861183561178
"497",0.262462419825298,0.256222912182708,0.245858839566395,0.235455828425599
"498",0.246487794687857,0.256596184327738,0.27115774581205,0.225758275172356
"499",0.252006401510637,0.306626125271834,0.206602009699861,0.234765463517668
"500",0.335955277137467,0.244667707039158,0.21639224185736,0.202984773966016
"501",0.236017741852226,0.246067298688731,0.255926605962133,0.261988353496911
"502",0.250327981744845,0.237074943794239,0.242877920160431,0.269719154300485
"503",0.321143946644303,0.297785265643852,0.189248035082307,0.191822752629538
"504",0.247750356679547,0.271332512529886,0.253615920505687,0.22730121028488
"505",0.289835630398953,0.227636091789204,0.263601099062198,0.218927178749645
"506",0.281022165709998,0.21404730481676,0.287312729704138,0.217617799769104
"507",0.24698809884418,0.285022149922099,0.227876432396068,0.240113318837654
"508",0.227952792707424,0.254316159363302,0.305169672397314,0.212561375531961
"509",0.293857595940106,0.283092820741978,0.236165013677119,0.186884569640797
"510",0.270341898754774,0.227145869469708,0.273814468394828,0.22869776338069
"511",0.250685529286964,0.287061359915856,0.237599060906735,0.224654049890445
"512",0.283937492111439,0.273268945167938,0.200131806281369,0.242661756439254
"513",0.2711312781855,0.271248339815392,0.256161325005738,0.20145905699337
"514",0.353412437903606,0.208505297428696,0.0322896210464571,0.40579264362124
"515",0.0915440631134076,0.268518789426548,0.330475008401579,0.309462139058466
